8192
568
405
123
128
866
30
29
75
38
115
483
85
286
38
4
66
93
68
10
16
104
44
109
38
94
127
12
80
82
109
23
80
90
65
13
446
122
107
99
17
860
80
107
53
113
355
25
97
53
9
45
39
117
35
108
650
4
85
98
5
361
83
71
408
29
35
67
90
93
54
1
126
85
248
491
691
24
80
79
61
70
62
99
115
724
36
70
93
68
76
41
122
74
93
49
762
19
209
116
121
23
58
21
112
11
53
63
18
113
117
83
602
52
635
304
37
37
43
44
52
120
2
22
21
111
94
78
38
94
37
104
100
82
4
57
101
25
2
37
112
107
119
12
81
83
59
801
502
63
106
20
286
72
77
123
16
115
118
171
88
829
29
46
104
646
97
119
438
72
873
95
107
91
87
30
42
6
26
56
111
44
47
958
45
11
118
5
122
51
51
15
110
68
82
101
974
127
88
119
30
942
113
33
31
62
78
296
82
36
120
441
98
782
57
49
43
41
39
61
27
403
79
779
68
43
970
5
29
111
65
122
71
75
85
127
77
843
163
53
124
126
41
72
115
10
84
113
48
61
86
72
122
95
35
52
99
87
545
121
73
83
101
849
41
30
4
83
19
23
72
463
7
68
45
29
98
42
53
875
12
112
852
117
56
93
53
93
96
81
2
199
27
117
19
22
54
56
22
895
570
28
88
17
707
234
4
68
43
92
116
114
60
24
50
82
81
37
41
21
56
20
85
926
71
69
9
113
117
12
84
14
42
42
73
76
79
25
30
65
69
42
75
39
67
58
128
47
20
67
24
53
42
88
842
810
17
92
78
70
602
90
41
8
71
96
12
26
38
81
264
24
32
10
98
67
120
327
8
66
76
38
31
113
97
73
82
126
534
14
2
36
67
18
96
50
8
120
120
106
102
661
79
25
123
16
64
36
72
10
69
245
122
38
237
4
87
21
84
120
16
75
56
15
5
59
11
40
23
46
122
91
66
174
45
71
127
142
169
762
91
4
204
6
116
75
651
41
908
35
77
12
103
79
52
42
123
296
83
89
92
95
97
126
513
15
20
282
49
67
126
31
86
63
60
76
674
219
38
2
54
86
55
532
59
49
51
93
45
73
1
53
101
31
98
637
9
2
110
111
75
23
89
45
37
63
127
33
110
5
33
108
57
78
56
245
9
36
91
1012
97
41
57
13
25
646
119
422
89
13
16
99
113
534
329
998
23
93
126
8
76
24
27
99
48
22
25
111
116
120
105
124
81
48
98
454
59
110
79
1000
49
463
154
237
96
75
111
4
99
44
81
128
32
6
114
7
128
659
76
106
80
347
160
89
26
119
38
72
29
256
71
121
30
116
13
61
475
92
63
100
79
32
49
111
42
568
110
119
305
18
58
114
123
4
825
40
88
45
124
98
14
47
74
53
94
11
645
79
113
793
724
852
77
31
43
125
6
68
1
118
71
4
70
965
82
123
38
57
2
80
85
113
14
760
67
98
49
778
32
80
63
92
49
54
81
56
100
126
35
91
85
44
62
283
125
79
44
495
116
889
556
16
93
22
51
72
89
64
107
17
465
35
79
122
41
122
45
79
729
93
78
128
18
623
58
16
81
107
57
66
4
27
71
112
71
93
654
91
8
34
85
6
1020
437
126
1024
62
67
17
31
74
39
20
41
9
50
77
124
226
10
33
323
218
31
267
848
6
32
61
55
2
87
109
576
103
124
31
104
156
865
61
38
117
121
99
628
120
47
118
106
84
126
49
9
244
19
66
11
103
91
448
104
101
42
99
72
965
47
126
414
71
96
106
109
109
33
97
98
6
948
69
756
91
21
2
75
105
96
47
40
94
116
57
107
909
352
56
7
18
9
87
21
41
945
3
300
34
59
128
115
32
90
650
99
22
87
15
502
373
122
5
78
47
100
61
44
1
40
60
34
15
110
106
100
67
123
44
78
11
119
24
123
89
64
82
46
94
59
107
53
43
72
112
100
54
88
110
71
62
125
106
120
94
241
52
41
123
44
21
99
49
118
64
31
87
59
94
71
118
17
8
15
105
917
24
38
426
82
37
104
101
92
749
94
33
40
127
34
69
563
32
109
101
23
28
65
23
25
520
25
101
18
118
518
59
48
1
19
44
100
614
66
710
66
22
100
42
109
251
96
44
691
50
124
90
5
28
64
25
71
431
81
633
213
11
37
597
122
6
93
119
124
114
45
76
124
783
12
78
9
114
72
31
122
7
55
35
17
84
21
21
929
75
5
2
73
43
28
283
98
64
17
25
262
112
120
86
43
763
97
837
87
88
121
115
41
89
18
42
560
123
33
44
112
24
330
308
373
336
267
716
277
184
374
310
183
340
269
287
358
258
350
382
282
165
853
820
377
624
329
354
316
828
346
279
374
364
414
214
356
368
326
307
293
279
352
328
324
326
353
366
260
180
315
317
278
238
345
264
379
350
350
314
276
320
316
332
950
309
857
878
918
477
375
273
419
368
834
283
263
295
298
379
337
495
268
322
290
279
876
379
59
205
303
679
336
277
290
346
303
314
291
304
317
765
305
780
269
259
328
285
594
303
368
375
256
344
337
375
281
742
313
875
283
365
334
373
339
335
280
467
370
971
316
332
292
319
365
926
356
253
294
282
774
1023
364
257
264
362
526
650
578
275
267
258
357
284
293
346
325
264
790
397
364
753
366
352
267
350
317
314
373
902
258
345
330
343
323
321
368
257
379
283
493
315
987
272
372
354
339
347
311
359
260
379
328
940
298
496
277
727
337
337
361
458
216
320
374
278
337
267
357
524
376
261
355
687
370
314
270
324
307
352
357
322
333
332
348
279
357
308
258
378
282
372
269
286
273
261
329
381
317
301
324
327
281
350
265
696
299
360
339
327
295
116
384
366
271
342
329
271
377
258
258
260
93
274
290
694
268
337
363
260
325
348
324
162
266
354
335
303
369
384
290
319
610
336
319
275
276
383
334
577
257
378
394
312
296
361
879
715
836
380
305
40
348
336
300
332
364
964
314
1010
265
335
282
373
391
339
180
280
349
288
333
624
292
307
481
312
354
345
374
266
362
295
315
266
523
331
276
264
296
39
384
359
384
351
274
736
358
330
257
730
820
357
320
523
354
367
282
332
314
322
342
68
662
355
285
359
283
258
294
846
257
393
103
213
307
298
267
307
368
274
325
261
332
320
294
478
287
916
367
350
322
286
317
363
167
293
291
368
637
368
342
352
299
374
338
376
333
268
278
368
304
311
335
307
307
563
332
289
380
364
346
381
323
287
369
384
327
323
303
373
315
379
366
367
345
763
314
348
292
68
374
316
937
282
305
298
282
316
316
942
299
272
329
335
285
313
346
299
283
381
354
372
376
342
319
262
324
311
322
626
826
230
183
1
300
324
989
384
286
620
609
336
343
948
328
882
278
259
989
979
307
320
334
315
357
278
287
316
42
349
344
278
297
297
292
367
347
355
382
342
994
273
21
258
306
43
364
262
305
313
601
266
336
350
286
369
512
307
332
565
49
962
381
381
358
383
335
367
387
275
313
348
339
358
380
305
363
362
218
317
309
318
332
373
292
260
684
54
458
287
260
261
798
265
258
315
311
301
264
323
351
338
371
358
372
513
355
321
354
383
308
336
292
291
289
767
276
338
350
265
266
293
293
348
265
374
282
305
288
359
371
322
371
314
756
293
359
691
173
837
343
382
328
324
81
294
324
344
319
292
262
595
340
354
554
335
324
360
3
273
325
601
344
332
301
331
339
353
335
278
235
336
302
313
300
38
340
320
275
353
40
350
358
292
197
336
298
260
752
313
261
287
332
655
323
317
996
382
313
365
352
333
262
301
369
301
293
361
640
293
324
282
312
336
344
321
362
363
378
358
282
287
288
257
277
258
342
379
315
419
283
263
602
331
460
445
361
308
348
296
366
378
222
260
335
364
350
263
275
369
321
373
343
701
262
359
355
333
344
285
282
356
768
342
320
361
848
368
344
333
851
328
369
296
380
368
313
329
324
257
295
356
378
324
583
392
299
260
303
30
225
307
20
377
329
273
308
349
272
294
361
366
299
286
278
277
768
377
299
307
225
265
306
306
142
259
315
369
282
292
708
297
384
688
287
936
278
259
271
288
288
302
277
326
347
358
740
370
968
305
298
267
305
460
334
348
300
59
334
905
838
352
267
289
305
355
382
286
346
369
358
324
338
325
899
374
348
273
371
373
303
349
283
369
289
303
308
319
310
310
363
365
359
281
622
273
348
127
342
606
355
299
275
358
301
259
373
202
346
364
382
273
324
613
269
348
313
306
275
383
297
334
957
372
352
280
285
318
389
380
263
321
281
382
370
130
384
1016
341
351
308
300
325
307
401
298
360
283
292
138
346
300
336
905
272
303
334
258
384
295
352
268
333
354
274
700
341
350
334
335
859
331
309
166
372
334
626
291
381
348
257
306
355
377
831
383
273
275
304
362
297
372
820
279
343
346
320
324
269
817
845
349
331
267
303
329
278
336
358
376
268
257
343
356
85
534
312
321
280
291
294
785
127
328
308
325
368
290
59
317
329
348
337
355
319
313
273
182
301
268
286
381
327
269
377
326
573
315
301
255
588
466
307
384
881
282
326
329
322
293
302
366
308
383
259
988
538
545
600
628
565
563
630
574
416
585
302
559
563
624
569
573
555
313
513
603
535
621
603
528
518
614
515
561
576
607
625
617
612
527
639
579
529
540
529
930
592
528
583
449
588
735
680
540
598
640
625
570
410
567
602
529
536
178
513
699
630
122
509
582
599
626
585
588
523
687
639
541
639
102
96
603
608
610
619
584
849
526
528
533
565
591
634
543
633
612
561
622
571
789
616
328
534
631
607
590
524
666
78
524
407
550
625
629
600
581
614
522
550
539
562
89
550
557
840
523
577
614
616
612
630
525
541
939
196
851
461
634
595
544
514
588
207
426
622
556
632
194
538
522
540
977
640
724
560
534
585
817
551
611
549
799
570
627
634
540
550
623
568
615
526
983
539
556
585
602
514
627
671
1017
596
603
600
544
548
538
542
595
638
521
606
624
536
592
558
547
566
585
1021
616
541
476
570
604
561
412
543
1004
584
529
515
521
613
654
533
528
522
134
535
527
524
521
514
347
893
564
563
570
619
633
579
868
567
513
588
549
555
627
589
589
548
599
544
549
567
559
534
524
598
591
885
613
583
314
554
608
559
633
678
514
605
609
571
588
611
589
521
551
618
573
587
631
560
613
542
577
554
628
141
559
64
1020
571
540
564
630
565
922
557
858
529
54
543
112
638
580
521
593
533
583
151
523
490
514
550
609
609
688
589
563
607
631
603
591
552
619
573
15
552
617
180
540
703
159
613
610
584
594
661
514
618
561
934
533
619
567
595
605
532
574
619
601
540
602
473
617
493
517
575
551
627
617
531
548
630
631
951
523
839
644
604
692
535
551
587
597
581
627
606
551
613
963
225
603
771
551
133
588
280
611
585
601
604
623
603
318
567
588
21
629
518
590
592
558
692
696
545
540
659
576
571
627
540
627
635
534
532
529
611
223
541
594
542
628
49
200
603
530
583
998
633
133
587
624
528
533
711
552
611
545
537
620
530
577
263
577
590
531
619
915
596
758
631
584
603
556
592
603
602
520
556
582
580
627
548
619
530
576
560
969
593
562
531
516
613
640
585
561
623
181
614
539
633
494
547
518
546
608
604
618
628
596
619
550
837
636
584
628
518
577
604
532
537
635
616
571
597
569
562
592
577
621
486
616
592
514
555
577
578
616
517
1013
588
551
29
638
579
586
516
312
605
640
639
601
691
569
623
557
607
542
608
555
544
614
523
541
524
565
605
615
602
593
636
557
628
616
529
571
504
517
568
536
346
561
521
599
565
556
745
616
523
1012
590
613
594
211
538
669
551
521
584
558
558
529
834
622
518
623
528
528
620
558
526
521
616
542
921
576
723
891
578
535
564
598
639
626
619
634
519
730
796
536
299
564
513
460
577
588
559
639
636
545
551
515
589
618
523
233
614
581
753
551
552
585
582
553
397
608
817
578
619
562
535
602
917
619
520
582
595
564
591
570
544
807
816
536
597
515
749
618
619
601
546
880
597
552
593
634
303
574
372
553
605
545
534
521
623
551
516
567
620
566
547
587
134
339
521
603
534
528
575
352
635
630
626
614
580
128
522
539
589
566
566
550
605
548
489
612
76
570
525
628
522
556
599
557
634
606
598
625
538
562
519
734
579
518
99
5
587
539
601
616
520
588
627
620
604
527
559
215
407
846
613
636
776
622
576
549
908
577
575
616
550
561
629
530
515
575
557
578
514
595
620
515
575
598
580
342
547
515
623
321
532
588
592
401
629
628
614
572
574
580
609
148
318
536
277
585
620
543
515
608
609
341
954
544
588
513
617
565
545
144
640
522
127
517
298
558
222
631
529
570
565
543
863
543
621
522
534
585
569
523
605
129
573
608
599
573
98
513
596
541
270
547
473
517
572
202
620
935
526
616
583
557
615
559
615
620
626
588
578
599
521
596
609
550
587
619
733
630
518
635
536
524
527
582
638
536
536
635
561
573
431
529
548
517
612
628
548
3
540
521
570
618
582
94
894
562
584
619
575
711
552
557
536
513
568
525
597
517
551
582
615
600
597
551
269
975
585
869
618
542
623
630
915
548
46
556
617
584
571
62
11
554
568
603
517
628
975
388
562
548
339
548
531
613
587
587
547
592
519
554
572
635
280
564
521
513
528
630
624
532
566
520
582
592
619
540
527
590
937
577
634
656
606
631
570
566
626
608
514
519
617
601
546
525
553
633
535
598
570
584
624
521
599
598
267
624
517
544
594
546
623
979
638
558
616
591
730
523
638
465
553
545
628
620
519
566
528
553
593
591
851
605
167
429
554
575
563
615
550
550
118
195
557
571
589
575
599
101
561
533
624
852
601
534
625
624
571
519
2
98
89
44
105
53
1013
34
85
703
228
95
51
27
82
10
73
19
11
32
79
48
44
40
8
50
67
37
98
127
107
103
74
58
83
110
112
124
44
62
21
120
27
102
27
34
30
93
6
1020
125
52
97
447
916
44
13
119
2
6
20
4
63
556
749
42
81
32
73
842
214
83
32
457
88
128
36
30
115
60
50
710
17
66
102
59
18
26
120
121
15
56
86
2
78
141
29
502
40
21
96
38
21
12
125
303
128
2
31
20
905
604
447
174
61
88
115
66
11
114
57
21
70
40
4
15
68
58
44
116
9
85
43
454
77
110
72
75
49
16
41
122
112
661
15
77
40
710
73
875
384
30
38
126
66
80
34
108
578
27
23
64
55
108
225
585
57
116
126
48
79
96
91
649
140
51
14
2
114
28
120
166
214
153
86
347
110
105
13
17
123
28
200
108
117
111
82
60
11
51
79
666
96
117
20
94
64
579
2
3
868
90
45
56
63
6
91
115
112
95
47
41
13
16
13
117
28
113
123
7
5
442
82
51
57
112
1009
98
23
9
92
71
118
294
77
93
18
114
1
16
91
4
12
56
83
27
119
110
556
40
125
89
63
81
27
71
108
531
354
833
60
392
27
60
643
709
101
77
623
12
189
346
425
127
45
2
106
50
2
1
122
5
34
13
101
907
77
110
82
20
117
109
44
109
92
16
127
247
7
128
385
697
326
13
124
52
81
1
2
106
90
92
794
58
118
55
99
105
117
64
3
9
72
16
94
1
46
62
987
82
10
64
48
8
21
6
77
122
96
121
4
66
103
44
12
82
69
110
28
50
74
80
331
50
250
443
44
656
127
101
123
112
108
439
37
638
647
504
28
113
810
78
78
445
312
32
428
64
106
18
120
261
31
35
51
151
889
101
20
921
42
97
49
118
33
102
3
9
88
86
58
92
51
2
51
937
117
892
287
114
105
27
117
3
22
97
33
16
105
438
128
17
18
116
36
8
28
91
24
117
49
518
19
60
47
497
518
123
69
21
18
9
1011
134
73
30
46
27
557
14
55
30
794
91
33
111
114
72
36
49
35
55
88
18
120
36
77
44
105
44
16
81
2
194
28
18
5
97
582
85
96
76
899
55
36
175
98
105
6
34
154
45
53
128
53
58
10
101
364
114
531
936
892
108
76
31
112
9
18
652
372
48
61
46
218
20
391
75
8
38
44
121
97
68
993
112
851
90
795
90
50
83
35
91
1
10
773
591
120
112
41
28
105
215
13
46
48
73
113
100
94
27
88
6
36
115
116
104
116
48
120
22
13
128
111
116
71
41
104
26
50
82
74
22
105
70
117
83
20
57
76
312
3
57
124
42
127
51
587
116
125
60
94
85
78
61
108
93
52
40
36
44
772
13
22
78
98
55
30
6
81
76
59
82
99
37
120
632
74
251
103
16
121
23
354
75
46
127
53
122
5
312
66
41
234
14
25
15
55
11
1
29
66
9
28
780
81
16
117
94
56
71
861
106
55
121
112
623
204
73
17
431
45
108
120
15
85
14
57
90
104
115
781
92
75
27
8
439
56
120
34
41
89
42
112
118
925
576
821
75
101
868
864
21
20
804
70
448
109
24
59
64
55
61
110
693
824
406
44
127
839
111
97
88
64
80
1011
127
650
55
640
95
43
122
674
100
33
73
68
92
27
612
8
63
39
205
7
123
117
90
87
78
33
937
395
101
49
112
394
35
18
65
140
427
892
26
111
5
56
944
363
23
82
106
89
18
570
48
42
57
10
68
11
189
95
112
120
25
82
17
26
668
126
74
33
125
35
121
230
99
51
48
73
58
98
67
1003
80
56
19
44
34
38
25
5
101
49
98
5
37
4
58
72
825
16
32
105
25
70
689
124
21
1001
88
89
577
395
62
232
250
539
11
74
278
74
48
122
637
126
9
1
491
72
99
81
175
44
883
46
2
112
87
22
36
40
7
13
108
83
678
125
81
28
123
72
118
83
489
63
36
41
44
26
99
113
37
20
57
109
38
55
7
57
24
126
104
67
321
897
73
23
90
88
27
58
89
312
489
112
22
26
858
1
32
34
49
718
57
94
31
115
810
102
33
515
408
12
27
31
236
99
107
113
110
92
24
48
238
31
31
84
26
79
92
724
118
14
67
72
11
1003
945
60
71
122
63
57
40
22
13
123
76
57
47
119
875
65
215
19
86
97
128
77
103
69
34
27
84
26
294
325
525
55
20
6
109
2
3
67
353
115
40
97
74
67
262
2
86
14
89
66
90
26
40
72
880
197
128
72
5
114
119
83
107
119
116
492
97
41
28
1012
17
114
192
871
1009
868
857
798
803
889
819
839
828
881
814
882
796
864
793
857
835
871
841
799
444
841
882
178
828
409
800
816
769
780
895
808
798
812
797
858
896
860
772
842
820
801
829
780
800
886
791
836
826
855
803
42
812
838
856
803
822
868
249
433
890
808
921
340
895
850
881
169
838
138
878
1014
860
868
781
799
796
600
848
865
787
894
839
776
882
846
788
877
842
885
844
819
838
891
840
834
888
848
851
880
803
631
786
804
779
611
896
789
891
160
886
796
860
816
889
880
882
108
355
863
852
786
888
815
859
857
828
825
876
856
783
802
831
791
800
851
859
857
798
833
891
840
810
844
779
771
860
782
769
843
886
992
792
819
881
826
884
859
855
873
721
166
896
118
896
798
718
864
865
807
868
854
136
827
924
777
846
834
799
821
864
769
885
882
800
894
555
490
835
867
822
859
868
876
825
895
819
445
832
852
815
873
794
178
886
847
881
508
253
792
825
5
796
809
873
874
805
892
442
882
771
889
795
834
817
883
866
804
803
811
1
652
878
815
837
846
1004
794
790
879
847
831
178
835
28
878
795
824
882
591
836
775
803
825
776
826
879
301
840
774
268
893
848
891
389
870
892
289
896
853
822
79
733
808
808
853
881
42
828
800
857
151
1005
800
884
834
791
826
794
870
881
777
827
895
822
330
781
858
869
771
790
821
67
870
882
896
881
877
603
860
862
793
781
829
793
860
778
770
793
229
853
845
790
773
856
856
896
844
787
852
852
846
789
834
852
781
895
896
859
785
894
951
771
871
841
849
773
808
799
853
892
306
782
799
888
824
603
392
872
845
793
854
878
852
846
874
790
862
801
771
790
795
595
784
819
854
825
847
861
423
875
823
632
854
838
876
540
793
196
789
696
860
811
813
792
781
891
821
828
864
808
305
790
857
831
885
852
786
773
238
874
700
886
842
799
863
832
517
806
875
812
798
487
203
828
867
870
794
443
807
800
843
844
814
822
846
822
774
759
821
791
396
799
810
835
837
889
796
377
864
808
792
886
893
299
773
820
775
817
882
789
793
17
815
806
828
800
884
783
813
827
930
775
837
867
722
884
886
778
781
773
797
962
888
892
824
33
457
781
842
839
815
835
852
806
858
793
785
802
822
843
892
770
784
772
113
804
853
553
852
869
482
1020
887
800
855
876
813
778
837
527
881
807
775
837
816
881
53
819
807
780
793
931
1022
812
846
247
833
863
776
147
352
841
889
769
775
775
834
794
788
873
778
120
829
786
776
823
782
801
812
850
850
356
796
797
849
820
794
770
882
779
816
842
894
871
850
283
800
888
887
807
873
813
820
838
777
832
795
859
824
784
812
893
819
871
846
760
855
738
894
31
883
824
879
878
896
833
780
782
885
814
776
885
876
835
781
795
878
774
877
868
804
862
892
799
847
423
27
869
561
840
817
883
815
850
808
825
816
772
785
809
850
23
848
769
883
272
832
851
866
797
816
791
790
836
878
820
786
840
704
893
809
848
163
848
890
883
786
57
818
786
837
833
812
419
915
843
862
791
787
897
859
855
806
850
841
821
789
890
824
371
816
891
802
868
850
785
783
808
472
859
858
779
774
273
859
796
856
876
884
782
889
854
856
850
860
833
887
783
868
806
886
846
870
798
856
813
813
835
873
798
846
891
885
538
877
812
775
384
885
997
810
798
774
823
832
829
876
18
424
864
773
336
837
784
817
942
973
868
823
876
843
859
817
791
613
850
840
887
893
874
832
838
895
817
772
881
841
205
192
826
82
875
823
798
245
831
816
821
839
870
571
794
891
524
858
833
801
812
791
820
858
789
667
850
87
246
6
883
888
835
767
845
811
782
822
819
844
839
843
776
841
794
802
879
773
861
860
884
840
676
808
778
970
868
810
851
791
835
853
809
854
895
872
842
803
889
848
856
778
209
876
896
824
415
779
846
124
822
815
862
773
890
798
832
815
888
697
894
791
813
875
862
870
869
848
815
498
818
844
881
877
799
834
784
833
877
785
844
830
769
837
814
859
859
839
879
504
786
456
846
833
833
797
783
860
832
844
787
857
892
814
499
443
783
856
853
781
708
848
788
787
100
866
20
866
821
784
818
857
797
869
812
775
852
879
793
795
779
809
827
818
853
818
835
284
495
806
794
896
874
838
885
832
775
825
809
794
775
836
858
842
175
571
774
771
784
865
400
769
816
887
784
833
880
207
895
799
798
363
853
848
674
855
770
845
853
810
787
834
835
836
792
851
825
890
734
372
113
885
830
790
869
438
738
847
844
865
826
785
989
892
831
808
781
869
730
794
733
791
810
798
811
307
383
313
331
363
258
377
297
339
279
374
343
346
323
302
289
364
315
257
341
723
800
258
315
291
60
337
340
291
284
655
276
325
353
327
376
368
291
752
270
268
346
267
349
364
258
341
715
355
358
776
508
372
369
379
286
284
264
285
376
791
352
265
511
356
377
349
257
337
266
324
340
354
354
374
351
659
367
353
281
273
371
363
308
324
338
320
380
277
298
381
296
168
266
369
293
284
168
257
304
90
133
210
518
691
332
498
317
288
362
365
812
344
352
339
35
323
352
272
366
332
360
258
589
259
179
213
276
294
261
426
258
362
352
338
801
323
343
345
373
355
298
372
297
325
290
287
337
257
317
277
982
297
551
346
323
375
310
563
367
276
314
369
277
348
320
367
355
281
314
194
309
333
322
284
324
312
297
364
284
297
696
275
267
273
341
292
343
336
131
295
324
320
312
383
324
259
540
952
299
264
257
364
342
259
260
674
955
632
363
324
319
22
296
381
295
274
320
319
368
318
265
515
309
276
219
510
326
248
147
22
327
384
169
322
328
269
281
361
363
327
337
265
848
338
830
344
330
384
351
380
228
260
302
354
272
357
320
319
372
252
260
369
354
324
305
335
755
191
322
357
294
259
368
358
446
275
380
377
288
355
361
371
368
304
267
303
357
168
282
308
334
319
637
340
290
377
307
348
114
878
293
301
306
309
377
259
298
258
369
296
899
456
371
282
271
274
407
287
287
788
363
342
321
282
299
364
355
364
323
308
585
368
274
277
1018
308
298
348
373
298
371
328
336
281
295
320
1018
703
376
321
365
294
321
322
313
538
292
360
372
322
337
336
749
650
269
283
350
262
349
370
300
311
299
499
329
339
810
358
292
4
320
307
282
311
278
341
309
330
343
124
317
335
339
372
344
280
266
316
331
332
845
323
343
267
359
310
305
341
261
669
298
355
311
374
383
734
378
268
425
301
831
383
563
297
293
322
457
314
341
294
266
292
294
334
312
305
262
603
309
328
319
317
384
338
259
325
300
341
376
374
144
347
373
334
289
378
278
805
314
338
218
309
910
322
348
1014
313
310
338
271
286
303
360
330
705
563
265
319
353
622
185
374
349
259
384
297
289
276
271
261
623
286
230
325
350
307
286
270
277
319
258
374
313
363
275
926
311
332
367
328
319
353
328
274
313
351
365
304
579
305
382
317
769
359
272
358
378
374
274
361
410
364
653
373
111
54
326
320
365
274
378
304
334
278
370
381
285
354
297
358
342
378
294
302
344
632
319
367
264
283
309
266
780
889
318
305
377
906
278
346
291
357
264
257
546
329
362
329
376
925
304
265
299
297
328
458
314
313
323
317
359
258
384
319
302
258
377
315
258
367
150
321
361
336
443
361
338
336
266
291
305
389
303
276
322
307
367
334
326
284
271
358
278
357
271
326
278
275
367
359
274
354
278
357
276
361
369
290
340
323
283
760
327
284
418
317
46
297
342
744
749
269
137
293
352
384
383
312
305
275
336
373
302
331
263
312
354
330
380
778
285
326
298
313
362
367
345
378
132
272
913
326
361
435
277
691
323
977
363
288
304
324
331
699
332
814
363
336
319
261
273
317
270
362
337
296
306
302
379
292
288
297
987
372
337
379
280
301
384
345
313
350
280
956
272
760
308
329
341
311
327
659
312
357
380
897
347
352
998
360
286
232
336
377
284
280
372
381
378
279
305
691
287
341
998
368
372
349
377
281
314
279
776
355
351
362
270
319
323
304
850
272
15
355
1002
266
301
371
373
357
300
272
322
352
332
367
295
332
365
283
328
12
257
294
281
293
345
362
374
331
254
305
349
344
331
332
356
340
284
271
278
361
374
291
317
669
333
338
1021
273
756
8
314
265
306
298
309
196
944
336
558
340
301
916
288
348
280
285
371
361
281
280
550
373
451
371
378
372
337
165
836
371
293
347
330
304
382
316
858
321
306
315
766
613
281
330
301
365
342
318
315
328
301
324
353
367
286
304
952
347
290
271
297
285
324
405
259
863
295
325
290
302
324
329
322
310
622
371
307
301
376
350
357
794
355
336
338
304
371
349
283
37
380
350
737
307
328
277
380
272
685
353
299
382
362
313
346
266
258
267
100
281
333
332
830
447
323
297
280
379
354
321
327
282
315
766
275
300
292
263
367
280
334
367
327
265
414
316
364
317
306
273
340
364
983
292
278
319
365
357
332
323
348
344
334
357
360
278
372
571
341
44
279
293
382
302
359
279
331
356
892
326
377
279
320
300
355
281
308
348
292
382
287
375
318
379
340
362
364
997
328
302
309
373
313
298
360
360
286
295
278
341
319
421
436
50
107
15
6
456
46
73
60
327
33
32
58
463
35
912
81
109
36
90
109
5
1021
43
114
37
86
906
2
39
739
11
2
47
65
406
101
900
105
88
70
193
33
101
511
128
23
121
43
470
108
219
86
73
27
68
10
58
36
50
36
34
108
13
682
25
414
58
40
52
127
118
113
108
80
57
53
100
56
58
12
34
234
110
43
309
106
65
19
11
91
127
104
70
16
41
125
116
82
93
50
35
113
123
849
33
98
84
708
73
51
35
44
69
97
106
72
23
181
10
34
900
32
20
9
27
305
84
11
456
70
349
434
29
114
34
11
761
114
59
50
43
87
55
28
847
80
1
96
79
78
75
120
37
5
72
613
117
58
124
126
51
57
73
116
88
111
60
90
118
57
706
82
3
97
8
12
11
118
75
122
537
81
114
576
2
75
84
85
78
374
19
9
976
197
694
821
49
96
20
83
117
56
102
67
14
443
85
19
403
38
70
265
92
5
79
12
99
64
33
92
33
313
399
62
913
28
1010
123
83
124
721
96
951
486
124
64
87
43
89
118
618
4
12
37
52
114
115
75
926
33
784
122
121
60
120
53
79
4
121
117
374
15
352
111
115
376
709
250
117
59
35
112
86
844
78
23
16
76
123
15
56
105
59
47
4
651
127
37
48
292
90
22
42
88
122
835
59
80
73
658
109
96
110
120
541
742
418
562
107
104
35
101
864
108
29
25
79
54
111
55
87
28
16
37
15
13
57
88
897
7
1014
631
98
28
141
26
47
397
98
127
48
48
27
72
56
120
72
841
116
85
94
29
55
20
56
104
240
104
37
50
87
83
9
61
96
215
21
605
55
39
863
15
54
78
73
90
76
312
92
111
71
44
76
328
59
528
23
22
57
76
128
35
726
452
99
40
2
369
119
18
354
83
28
8
62
35
58
67
76
103
78
32
20
100
61
57
123
78
93
128
504
94
83
71
116
24
696
16
75
62
48
47
119
77
5
252
111
3
35
104
19
42
59
738
73
107
96
15
70
4
8
112
42
317
110
107
111
102
2
122
107
14
28
88
976
73
88
123
353
3
128
77
565
114
98
67
119
4
49
51
422
61
89
66
12
2
77
10
515
26
72
6
357
15
19
39
34
26
24
974
117
14
3
84
35
4
50
23
24
52
34
646
106
111
93
40
96
33
16
9
49
76
103
91
763
16
32
55
1020
58
100
76
26
123
409
67
114
96
80
39
109
19
84
104
123
23
37
1006
18
113
81
62
85
62
67
113
8
913
84
70
7
335
79
79
83
34
126
9
53
73
39
35
25
438
117
50
34
29
98
18
171
6
68
128
40
96
24
3
63
67
112
25
108
723
595
64
29
804
34
106
54
44
179
592
44
19
30
717
57
92
114
44
79
106
28
1009
79
65
42
84
103
154
103
71
46
20
84
127
83
90
124
96
32
664
40
36
772
468
33
202
71
68
54
18
2
101
124
119
122
579
72
68
575
62
922
107
39
60
57
52
987
2
269
124
14
566
89
51
25
121
447
23
110
759
60
119
53
41
27
76
127
791
57
1
57
61
371
55
127
115
2
5
48
95
98
119
112
66
117
32
430
294
73
25
110
71
40
122
434
98
53
997
49
30
115
19
6
127
687
2
69
43
12
61
108
81
66
111
58
45
5
99
57
93
283
874
66
42
104
50
58
16
288
88
105
67
53
86
81
240
1016
2
11
43
314
106
64
118
110
59
91
54
33
879
27
421
38
75
110
110
263
2
50
159
48
58
118
74
36
5
109
55
48
93
86
58
122
91
86
109
31
59
732
45
1
144
76
30
555
102
57
112
25
97
101
120
93
105
111
90
63
46
25
122
110
86
922
30
87
36
739
75
100
72
260
124
88
35
124
1
36
429
32
20
744
39
16
111
25
64
113
688
87
51
158
44
27
7
18
33
8
66
388
68
43
88
6
24
110
89
33
203
402
123
79
99
43
9
9
64
433
75
219
20
48
463
212
197
309
52
90
430
124
99
77
111
657
295
648
59
43
3
63
41
37
13
103
122
882
50
825
43
127
8
78
28
51
84
4
89
126
857
579
60
97
106
896
201
110
66
1
617
377
2
36
65
2
91
67
35
68
69
114
591
122
44
69
58
25
81
571
158
36
49
49
87
827
120
593
84
47
50
88
116
430
8
36
79
93
127
124
114
108
8
57
106
22
72
859
61
66
95
82
57
42
106
396
50
767
122
109
71
346
128
119
23
48
1
437
59
4
18
77
114
67
2
39
302
117
3
69
114
5
121
938
27
11
640
16
21
463
982
56
949
47
82
117
53
12
45
15
472
569
536
611
628
529
597
550
550
34
169
531
625
515
739
544
599
582
623
550
637
544
520
590
544
545
513
516
1008
602
408
558
659
546
596
522
901
516
544
534
540
631
591
616
590
631
559
572
548
926
528
556
614
385
580
598
602
543
615
619
137
561
603
597
484
574
542
633
626
553
271
278
624
612
520
624
584
605
551
23
482
843
638
516
624
582
606
603
599
520
621
621
561
617
398
576
616
640
631
622
469
1001
238
527
617
490
631
594
588
395
954
555
619
176
616
639
273
578
625
542
629
521
617
570
1011
226
596
516
529
564
635
1019
712
552
568
570
546
653
545
521
514
636
622
639
23
608
332
816
548
640
701
537
549
560
320
629
544
551
87
565
588
852
580
632
560
531
562
606
528
485
566
613
637
519
574
562
212
559
587
545
517
133
805
556
604
581
528
527
278
564
576
530
578
621
576
608
22
615
636
625
550
234
592
542
534
538
594
552
951
636
623
536
831
581
583
594
563
574
525
630
523
212
584
761
559
535
599
618
519
618
607
585
640
547
557
524
639
590
178
630
523
581
379
559
985
589
521
519
592
553
628
565
529
523
79
524
637
527
569
541
614
594
528
516
587
609
617
600
569
517
558
630
517
538
440
598
3
578
547
639
518
631
621
547
581
515
579
640
518
555
7
522
534
621
578
561
602
528
617
558
535
552
546
612
550
516
594
635
559
635
596
625
406
513
559
625
643
589
456
552
569
545
83
532
585
626
578
570
576
513
519
513
591
623
570
803
621
567
564
111
583
170
759
637
551
537
639
513
534
580
616
813
603
631
536
558
634
620
529
547
604
517
603
555
621
493
623
606
523
605
565
537
580
632
633
540
690
593
551
529
521
170
624
727
543
537
569
628
556
594
388
601
523
828
624
540
622
581
224
522
567
569
543
623
537
518
612
545
520
619
563
555
716
569
972
544
547
531
598
624
293
526
579
560
621
729
553
616
534
515
518
572
599
556
515
521
583
525
648
526
553
542
636
564
620
546
613
616
628
541
568
581
612
598
621
288
565
626
621
636
562
562
614
200
625
518
618
634
640
619
562
634
631
560
884
526
609
587
395
519
591
619
529
515
626
637
517
573
627
619
639
610
515
988
456
101
555
657
558
628
710
833
637
502
519
535
228
611
545
584
576
542
586
607
732
520
772
622
598
554
369
574
541
600
551
518
517
583
585
600
603
562
548
553
91
604
540
535
578
584
617
700
569
545
557
534
604
535
567
585
639
520
516
514
610
611
992
554
553
604
625
552
560
552
638
599
981
519
532
589
532
608
564
35
877
535
603
116
572
626
606
541
553
526
556
525
609
624
595
552
550
578
383
548
584
584
626
623
543
614
567
549
628
575
628
935
622
628
619
574
639
602
602
544
625
596
514
548
594
619
610
633
460
548
597
588
626
553
938
586
237
517
579
575
590
582
713
591
544
514
564
523
136
608
515
705
609
352
455
542
514
928
535
568
565
566
604
527
561
549
529
572
705
607
69
790
606
528
522
559
529
572
614
633
595
876
639
617
517
583
405
531
593
567
283
592
576
925
602
529
618
630
629
577
519
566
624
601
539
601
594
618
527
595
581
546
577
570
561
585
579
636
915
765
694
627
613
575
619
614
541
611
530
545
572
534
564
37
525
564
627
771
734
634
582
83
633
556
529
534
637
201
623
572
534
163
579
953
550
594
556
570
598
633
516
698
616
535
542
633
527
565
585
535
536
547
148
639
584
562
623
577
579
624
546
628
547
594
47
513
529
602
532
608
581
517
619
601
596
552
580
545
516
522
636
546
533
592
588
608
542
850
560
541
564
133
628
582
20
396
606
578
556
585
613
601
619
564
569
621
545
603
602
636
635
555
1001
516
546
556
587
551
597
153
200
575
518
536
543
564
531
609
535
588
610
566
589
602
591
534
792
624
520
590
126
528
986
528
714
539
558
634
638
554
588
542
320
587
608
582
623
616
577
518
639
519
615
585
525
322
597
580
622
605
532
618
610
571
566
839
858
845
555
570
513
528
642
550
617
596
524
599
190
523
585
516
527
574
534
519
811
570
612
565
619
515
579
613
533
548
601
576
638
942
534
548
545
333
563
593
526
601
931
612
538
804
616
541
567
600
644
549
592
534
589
622
610
600
531
912
568
563
593
557
607
606
593
563
550
609
363
546
587
590
627
552
594
591
577
529
625
616
606
538
187
522
625
531
638
532
923
635
568
543
518
581
569
484
598
525
517
300
578
541
630
592
554
516
457
222
572
574
561
561
524
524
593
1007
753
609
535
575
562
535
492
566
613
605
639
551
137
496
567
466
631
