8192
74
45
121
128
23
99
64
99
689
574
47
34
31
21
108
66
118
103
43
83
75
127
118
157
85
43
72
103
261
112
19
11
78
847
11
125
128
16
93
936
94
91
103
6
198
128
126
66
104
125
59
943
118
99
238
200
89
990
898
106
76
44
109
580
806
3
286
849
55
112
45
44
33
96
112
33
81
125
29
53
75
623
37
121
106
76
275
12
3
101
10
749
958
86
46
60
29
44
107
96
119
78
125
39
695
38
549
18
128
176
10
9
39
35
121
300
138
137
29
64
81
665
87
100
55
33
3
68
956
122
24
589
73
48
21
737
683
99
38
73
51
485
33
496
4
843
123
22
7
297
62
15
59
4
923
84
387
115
115
63
53
50
104
25
33
60
59
36
19
85
705
448
64
60
890
39
95
112
115
112
45
497
172
353
989
44
113
111
31
469
18
10
87
33
123
57
523
92
630
10
17
840
48
92
92
112
46
756
104
124
37
59
27
16
32
4
508
928
30
534
82
64
4
21
125
56
842
7
39
88
471
390
40
245
104
49
54
59
584
820
144
69
3
118
15
45
69
86
27
42
46
19
57
85
21
13
470
92
62
430
31
79
714
124
29
45
395
98
36
159
90
661
92
660
16
650
359
50
101
75
44
25
52
577
102
971
79
48
844
99
33
14
64
74
106
196
381
63
43
729
120
88
79
102
73
58
564
722
117
74
21
1
895
34
342
145
69
110
110
59
108
117
37
78
36
9
1
23
105
60
105
807
61
118
27
233
116
11
40
122
36
56
90
680
491
85
85
288
61
396
9
817
57
114
806
79
4
128
9
6
803
282
1
60
79
46
110
2
236
105
44
72
90
120
18
3
449
20
218
829
952
87
117
75
847
648
133
45
86
59
126
128
81
51
933
60
112
87
62
615
18
34
44
915
670
887
33
551
19
649
21
67
969
120
105
782
114
90
899
75
93
73
517
71
436
123
96
78
107
30
400
100
476
42
85
63
172
88
675
420
408
279
50
125
701
126
244
110
28
120
22
24
41
566
24
3
2
128
85
90
79
48
28
795
28
44
387
227
82
924
107
105
105
87
108
51
47
95
93
105
109
718
718
122
70
107
94
70
125
60
83
53
31
61
112
8
111
124
44
70
58
109
443
76
630
886
124
80
408
90
678
637
44
95
55
57
30
13
119
278
87
881
869
109
101
23
844
24
84
88
602
885
23
817
139
49
145
25
32
215
165
33
635
65
86
981
793
54
8
299
56
29
58
938
78
34
100
16
67
90
109
232
28
53
82
15
40
115
5
5
20
225
128
102
76
37
125
107
378
184
49
72
92
45
108
69
121
40
86
1
115
30
24
806
6
976
329
954
76
51
116
9
209
62
56
106
835
113
94
128
277
26
42
52
100
1
66
58
547
48
127
924
71
88
284
978
69
19
70
56
496
108
414
120
102
399
4
116
338
105
50
117
107
61
26
89
58
92
10
25
9
121
36
20
330
98
31
74
118
677
93
121
35
7
339
57
284
19
208
50
111
91
36
44
56
96
63
90
31
61
779
89
691
48
22
33
113
572
82
540
57
29
81
96
157
70
366
122
949
59
9
10
275
90
310
17
126
728
865
112
125
900
164
406
30
72
103
75
114
88
115
19
45
86
62
118
120
65
14
15
39
777
58
44
46
120
689
34
68
26
100
118
93
30
79
44
71
727
395
65
968
126
97
47
17
15
96
43
45
11
38
86
107
111
57
217
91
105
68
91
1
13
60
815
80
736
101
86
21
7
74
63
33
37
135
35
76
68
109
254
5
115
43
111
22
78
15
127
111
40
99
75
104
125
59
86
19
82
57
18
71
100
79
112
114
51
95
97
104
79
101
602
80
69
64
93
85
796
78
7
531
66
62
56
28
215
108
85
67
68
65
491
44
92
48
78
104
12
67
97
544
57
770
75
111
759
80
106
332
102
40
708
705
191
111
881
109
353
996
10
1000
961
363
19
107
85
69
327
109
237
24
64
6
128
50
76
104
121
95
43
52
686
78
113
23
65
72
69
22
64
24
25
63
61
67
106
43
126
10
4
24
319
112
386
60
276
9
6
65
26
978
291
10
96
93
112
97
234
12
53
47
74
122
43
121
65
362
72
116
459
92
49
104
750
34
88
563
93
126
40
114
45
43
117
22
587
22
63
8
92
124
704
53
115
38
42
774
144
57
50
579
953
93
95
694
67
103
89
880
102
111
31
28
686
991
126
393
12
87
390
439
82
5
43
70
941
93
9
27
35
45
906
24
69
102
85
955
92
335
37
76
255
97
96
97
65
40
97
274
16
71
109
88
76
104
93
400
73
958
87
434
31
24
95
71
13
523
65
74
951
68
92
900
67
186
55
796
63
119
31
37
47
852
223
976
66
346
95
8
127
40
67
56
11
30
116
153
18
90
87
300
289
31
621
97
73
118
27
422
8
88
288
22
112
48
116
127
341
250
99
118
57
45
44
196
68
35
115
82
41
998
98
54
78
348
82
95
93
14
124
33
335
66
113
111
4
683
28
113
27
103
52
982
51
16
750
6
60
50
50
364
90
106
40
97
74
108
54
105
315
90
2
46
72
12
123
39
72
440
55
108
541
465
39
95
89
74
42
55
742
57
824
112
128
66
27
81
107
77
610
601
57
116
19
742
70
132
276
53
93
124
57
207
97
114
118
4
554
710
983
659
94
953
56
840
36
92
934
66
193
91
18
63
119
37
293
755
97
83
98
99
65
118
481
51
348
89
120
401
52
4
290
108
806
78
690
82
425
6
101
108
101
431
17
65
714
739
314
104
115
72
38
110
253
70
44
39
88
35
82
64
814
360
15
92
71
812
704
117
82
836
20
532
1015
33
81
120
78
85
301
6
44
58
85
17
86
472
75
866
107
97
87
38
1016
119
22
186
394
7
4
36
53
35
24
95
101
36
89
12
663
862
91
70
221
118
586
104
59
126
729
120
97
98
78
92
110
68
8
245
74
87
68
31
127
32
69
123
1007
99
92
42
7
89
54
68
6
11
17
45
38
290
114
88
84
72
121
884
76
56
117
856
33
5
37
634
20
37
55
55
81
2
294
430
87
34
84
87
19
125
90
101
907
475
68
124
25
44
478
104
124
505
113
106
66
821
116
361
126
79
84
44
150
502
156
194
53
80
102
10
14
39
174
99
183
105
61
18
401
97
44
32
6
101
80
254
97
45
3
125
240
122
999
361
54
121
94
29
14
62
84
92
15
90
44
103
16
37
95
37
144
90
55
51
4
70
64
790
48
81
35
560
371
719
124
60
43
856
60
91
75
24
109
636
124
1
121
56
88
60
390
2
8
11
40
77
459
147
51
32
108
86
125
509
97
878
44
124
124
59
71
59
117
8
80
35
322
113
12
27
3
85
98
14
380
61
64
87
50
87
93
120
115
118
34
726
16
67
109
293
489
968
124
13
209
58
103
441
73
18
757
71
15
44
602
96
827
119
128
364
39
64
33
29
9
2
130
30
105
91
115
6
45
258
37
37
100
3
542
118
121
17
802
124
44
15
121
835
6
94
8
79
24
81
39
438
63
83
918
30
14
35
10
51
18
100
69
350
761
95
22
354
100
75
169
23
3
83
117
119
209
28
91
39
67
88
2
180
8
68
337
63
77
25
91
845
57
627
60
9
127
469
118
73
91
31
533
835
395
10
368
46
109
24
41
81
84
643
519
162
561
115
4
105
235
991
91
58
621
16
405
64
619
104
703
55
69
109
88
57
15
683
712
890
31
850
13
100
163
3
770
84
52
10
95
37
45
112
52
51
66
48
67
975
78
632
17
37
110
18
122
87
32
58
118
1
2
62
50
61
102
90
93
590
79
600
105
102
127
462
97
55
533
101
173
87
36
855
21
32
225
35
103
119
110
111
89
97
871
396
974
126
252
102
6
1015
45
36
10
73
86
71
46
22
118
157
186
59
19
337
52
35
96
76
45
122
96
7
54
809
92
71
119
26
85
125
91
128
82
123
680
472
87
114
101
44
116
407
64
83
63
26
67
104
380
17
89
62
861
60
105
128
899
66
22
79
33
36
84
65
76
8
880
13
100
152
12
87
53
120
109
97
372
961
806
74
78
107
79
120
23
100
17
49
13
716
79
784
37
60
11
930
453
347
19
656
841
894
89
69
31
84
45
585
115
85
275
59
720
120
610
50
100
94
109
33
625
87
921
59
77
88
761
803
825
71
79
73
433
324
499
211
58
258
710
103
122
116
82
836
607
54
124
41
101
120
72
36
101
81
28
246
763
311
303
894
81
84
70
72
413
31
97
52
6
54
98
90
65
716
64
511
16
318
16
79
110
18
96
31
102
45
17
75
125
70
643
118
120
109
31
86
358
73
313
550
20
23
121
295
48
805
112
6
44
861
118
36
865
865
130
49
103
289
374
344
65
124
78
1009
71
71
44
22
76
86
113
54
119
101
110
56
69
915
63
972
8
363
117
438
764
86
34
28
89
598
69
119
2
987
1
780
64
59
60
34
32
28
16
650
58
97
102
220
571
609
89
70
45
29
81
717
106
92
995
39
98
81
874
100
101
111
45
58
117
122
29
49
101
127
543
22
541
125
31
9
60
63
121
15
42
11
103
35
117
117
779
166
121
52
109
252
28
50
54
55
113
89
53
50
494
597
104
59
90
386
127
39
78
2
10
115
30
737
48
67
125
128
65
4
694
58
349
105
17
455
60
24
714
121
79
108
19
950
23
28
235
183
115
108
619
21
72
4
126
120
119
16
18
56
75
110
55
730
43
29
81
672
8
50
470
90
57
785
9
524
929
40
108
76
50
578
256
872
15
89
115
22
865
70
33
5
68
272
83
57
324
38
95
7
566
14
107
1016
72
639
30
120
14
68
85
35
63
11
41
52
22
88
115
57
91
121
18
8
18
332
31
69
51
17
42
90
41
36
46
113
519
57
94
46
506
919
87
79
6
87
405
27
10
5
63
374
96
60
10
81
96
91
375
87
99
117
3
943
66
713
118
393
88
13
59
44
23
33
126
93
59
51
85
127
67
54
40
52
70
23
94
62
16
7
523
94
547
786
127
23
59
10
789
86
125
23
34
73
102
39
28
66
116
86
43
323
124
25
568
4
9
121
113
29
26
98
117
124
95
105
94
23
218
23
1
690
351
781
940
814
969
596
17
266
91
1
70
481
670
76
543
99
58
77
107
159
474
1000
43
68
78
59
38
652
98
48
98
39
45
68
30
114
265
26
114
126
120
9
113
181
101
147
143
6
48
106
86
4
43
250
103
88
91
38
107
355
84
133
15
65
64
73
828
112
27
115
718
47
802
90
62
607
55
97
26
44
111
308
20
57
63
118
113
734
35
7
785
101
104
14
94
54
48
857
4
91
1
356
957
101
77
1018
96
30
64
51
10
471
86
56
2
584
117
850
666
93
112
5
53
201
512
2
117
82
776
26
74
127
85
632
78
42
766
709
27
595
455
62
103
328
84
847
30
65
15
76
1019
25
977
111
69
321
101
108
44
663
68
72
313
85
43
109
27
26
225
95
43
22
33
66
18
151
409
483
46
95
106
95
2
84
11
86
792
304
302
115
490
788
45
101
116
57
4
401
58
311
91
528
38
63
698
81
66
19
69
9
67
12
11
118
57
38
427
52
58
107
55
22
47
20
108
48
118
70
67
831
78
26
61
62
41
52
58
72
123
51
12
659
92
106
628
51
6
91
769
47
89
81
711
11
840
34
90
703
111
11
120
1002
27
1005
70
47
54
110
335
394
106
77
82
105
9
17
87
108
491
128
394
353
37
8
91
77
52
17
126
115
523
501
1
68
45
16
8
123
607
111
118
779
15
127
32
37
245
68
9
54
4
232
49
8
28
6
67
582
29
49
30
18
592
739
561
49
17
56
57
118
54
477
471
47
636
71
31
814
97
127
445
511
39
755
71
95
44
123
57
891
39
312
70
122
48
123
85
3
91
831
111
12
118
6
567
47
107
306
51
49
49
12
24
110
793
543
260
166
100
98
39
861
34
6
73
369
96
39
842
913
95
2
34
117
49
587
1008
363
496
20
405
4
575
93
158
119
98
72
43
28
129
86
51
87
103
396
54
6
126
122
105
95
99
49
89
128
111
98
128
582
58
76
106
270
39
118
30
20
96
118
74
100
128
510
941
51
255
52
449
109
74
31
637
385
8
49
72
844
88
51
117
763
967
24
73
26
14
12
82
9
76
98
128
119
37
21
9
54
647
299
622
24
223
41
80
8
104
60
123
963
23
89
47
66
39
127
94
115
21
34
64
30
92
120
187
12
237
91
36
9
520
60
39
68
63
120
49
24
183
70
32
68
321
11
978
51
62
70
42
37
854
27
489
3
3
10
21
305
74
18
48
106
33
214
897
424
66
104
38
44
558
59
128
15
676
51
99
114
21
1
101
1011
42
194
57
66
82
957
128
97
117
979
125
969
99
14
7
42
89
41
100
18
990
6
118
448
100
101
109
110
7
16
458
43
41
10
734
63
559
141
9
598
1
60
120
833
860
188
551
128
800
33
41
942
21
87
336
872
52
703
911
76
117
88
66
64
44
34
87
57
593
958
269
17
348
68
74
53
3
7
56
125
109
32
49
52
11
846
94
768
57
57
706
119
21
127
576
939
336
29
125
12
222
36
26
4
23
59
886
100
735
101
78
6
92
47
22
118
17
90
92
278
97
110
6
74
522
125
105
128
73
400
54
75
46
820
94
72
58
1019
37
37
368
64
771
650
21
110
108
42
546
65
38
32
3
97
461
69
255
113
708
118
28
687
916
899
82
19
15
60
816
1017
117
46
48
2
53
46
766
87
80
26
55
6
153
41
21
39
347
96
21
42
61
99
91
88
60
847
48
110
90
45
98
74
124
909
63
35
55
21
89
74
637
72
56
55
5
101
3
899
82
105
76
114
17
642
12
340
40
34
72
111
826
814
527
749
827
803
828
58
69
814
799
39
88
40
355
106
803
800
804
46
100
779
78
827
29
804
790
771
827
60
985
56
782
372
845
803
109
54
110
874
801
1021
98
8
788
763
815
120
779
815
777
825
843
798
832
794
817
786
811
827
794
804
826
810
809
792
53
784
811
224
769
42
751
444
28
711
789
794
777
53
772
776
814
666
25
26
1
828
798
771
122
52
781
822
791
805
111
307
773
794
875
60
336
823
797
807
79
400
776
24
821
4
17
82
984
775
827
1004
811
810
799
81
812
812
793
762
58
55
805
810
47
786
799
785
20
820
791
770
819
796
5
827
812
794
817
832
822
780
815
127
780
56
781
775
5
805
818
809
391
831
794
81
802
775
787
777
784
773
787
120
16
102
801
823
791
649
812
503
306
832
775
772
820
831
827
776
826
307
774
814
73
819
95
824
549
782
800
932
812
136
793
797
692
108
813
815
67
99
810
805
120
58
814
21
830
812
50
61
797
799
47
28
117
822
785
80
244
211
682
63
52
783
790
826
112
753
771
889
59
828
100
794
123
784
111
6
180
799
694
822
830
783
781
435
82
46
50
811
803
42
39
827
816
813
816
783
818
483
519
805
825
99
104
810
811
769
46
774
789
107
787
111
791
782
112
869
793
770
905
799
807
781
812
126
812
81
798
87
118
156
122
787
773
823
769
803
31
988
31
941
769
820
769
111
644
814
689
825
819
780
856
786
786
250
89
787
116
40
819
775
62
466
16
789
813
785
777
803
79
796
122
799
806
831
783
731
1020
821
776
824
509
9
773
772
121
784
779
25
831
759
782
800
397
824
339
794
473
796
782
235
805
800
808
790
101
799
93
31
53
821
784
103
808
826
794
813
824
6
60
166
296
868
826
815
808
90
801
801
992
907
148
236
128
2
37
542
832
821
116
832
774
868
784
112
789
125
831
192
46
829
771
155
618
50
770
824
2
821
15
804
118
17
114
796
790
786
641
779
37
803
782
81
45
784
823
782
791
783
780
774
819
770
73
793
788
822
182
322
804
403
621
798
830
770
7
769
43
805
56
767
829
832
261
800
989
103
91
234
813
820
778
781
65
784
824
786
410
801
829
778
808
778
264
811
831
831
63
38
881
7
803
92
811
103
790
831
773
895
795
772
25
830
29
253
771
775
792
4
84
806
777
823
123
984
809
826
61
819
781
816
816
799
819
776
135
70
61
819
790
819
779
814
794
609
795
807
788
996
464
770
797
36
816
104
43
121
54
790
42
800
121
811
827
32
656
24
804
829
808
8
786
778
811
823
10
770
326
49
818
796
781
43
831
117
815
798
779
413
325
828
395
30
99
795
798
773
780
822
166
965
100
78
822
798
829
92
797
267
24
574
288
825
771
19
804
830
825
53
1024
64
637
818
812
805
795
127
817
823
815
769
810
67
972
642
792
41
48
3
826
826
189
795
777
791
802
775
777
812
87
821
90
788
794
810
953
90
770
48
808
83
790
80
11
797
690
786
3
897
98
824
808
803
810
95
789
24
568
13
329
816
406
150
794
772
192
60
92
825
114
123
118
795
820
330
116
812
786
819
804
714
1
16
811
98
128
786
365
792
725
799
62
823
263
810
456
905
29
110
14
826
102
819
783
30
63
771
770
771
737
789
47
796
817
771
63
813
793
938
5
1004
758
784
189
789
822
789
1008
824
824
792
58
321
38
89
769
39
640
107
823
803
781
812
805
70
773
785
57
802
80
784
795
796
101
828
119
796
666
774
18
1008
1019
371
786
781
654
829
30
52
1000
792
709
498
800
47
786
793
778
122
161
103
632
827
71
394
822
771
86
583
792
797
809
55
828
30
824
692
812
803
815
126
786
823
657
769
17
161
826
826
113
707
90
76
805
82
826
679
90
1016
107
806
824
689
829
877
651
779
809
771
63
60
789
788
777
791
813
793
67
790
832
750
793
775
774
97
777
453
770
111
930
814
410
822
956
832
832
41
950
122
799
767
777
825
71
800
824
128
816
807
46
792
815
74
41
59
897
68
815
54
37
833
851
784
27
794
143
124
826
875
14
25
44
828
245
774
790
42
787
128
772
770
980
38
17
820
69
486
81
814
800
808
655
779
827
357
804
1010
36
821
782
232
813
785
781
770
804
635
22
810
785
817
769
1011
125
821
827
805
785
791
93
668
104
465
408
91
114
805
797
17
101
9
828
808
823
832
782
143
409
632
769
446
785
105
757
51
784
976
772
820
87
54
10
27
790
773
181
803
7
783
806
67
790
797
824
92
379
804
829
807
820
311
821
813
95
516
57
46
141
117
820
796
824
111
773
19
31
70
809
809
820
710
107
47
831
814
776
808
114
797
808
244
885
375
90
793
820
769
807
769
795
24
68
821
811
811
818
823
782
785
445
124
22
773
108
59
1019
769
769
31
79
794
803
3
814
250
784
772
715
29
797
82
300
790
50
790
778
783
781
109
805
33
772
832
790
143
791
776
36
104
800
781
762
521
220
71
803
805
786
77
775
98
122
86
371
100
794
773
50
83
779
815
84
795
777
76
794
783
456
829
809
785
81
78
115
80
788
76
810
37
809
70
60
770
803
797
85
34
104
64
811
789
108
820
94
811
803
47
871
807
812
828
829
779
805
832
775
772
800
14
55
821
794
801
789
803
792
587
794
828
770
795
779
826
541
788
774
115
795
77
352
52
291
781
786
18
779
7
824
821
784
797
503
87
106
793
815
496
776
780
793
541
106
107
919
782
85
118
792
130
29
775
15
789
14
797
799
824
119
816
32
390
59
498
820
118
825
765
814
66
787
787
821
123
831
442
803
781
813
109
826
776
12
771
803
770
783
808
806
786
819
25
812
824
13
426
831
105
781
779
40
116
61
102
35
780
789
45
1
790
816
821
817
101
788
821
29
776
823
862
896
776
18
797
804
92
668
802
89
798
56
795
803
770
128
792
785
47
776
797
822
115
814
77
428
862
24
797
774
819
68
817
771
815
797
87
791
804
19
819
780
62
21
21
824
773
826
789
773
804
816
957
832
769
777
86
832
806
975
64
789
799
783
777
19
23
841
807
779
71
63
187
811
49
100
793
59
817
86
111
804
791
118
802
822
782
31
781
831
813
814
820
910
834
778
815
764
774
363
806
794
65
82
50
829
827
94
786
187
779
624
794
502
805
828
39
771
57
87
36
785
47
15
92
782
828
45
777
69
775
796
788
819
91
429
165
6
39
770
825
800
812
32
786
50
634
15
774
787
810
813
10
769
771
475
102
812
818
122
788
98
30
832
79
28
963
788
595
16
827
92
84
770
771
802
795
787
907
795
109
908
290
775
797
774
803
806
830
93
154
784
812
10
98
832
907
69
810
809
316
107
821
799
606
774
801
819
817
772
45
26
625
787
833
798
707
797
827
128
63
692
8
806
798
640
813
748
826
801
92
783
100
949
1
796
806
807
793
812
97
784
460
776
811
98
823
777
245
14
77
818
26
102
784
782
114
26
961
805
460
783
797
780
830
76
773
115
814
984
704
823
830
87
473
787
807
60
819
42
5
814
789
808
821
32
815
799
742
822
971
782
96
779
97
812
87
583
813
319
172
804
281
390
774
123
824
870
6
110
661
807
38
15
860
780
302
39
815
774
821
423
115
823
90
796
102
805
71
103
791
72
395
128
202
68
831
830
788
773
94
813
794
783
33
774
466
119
821
823
793
827
126
817
787
13
812
809
119
820
60
803
813
819
770
829
87
786
784
4
110
799
36
778
65
123
88
805
769
780
124
250
35
116
91
814
794
96
102
808
771
799
794
795
792
771
76
690
245
816
816
784
821
808
901
787
773
771
75
183
72
800
810
70
21
24
391
775
457
780
26
100
802
828
809
801
803
801
94
781
807
23
785
824
819
804
118
826
106
772
822
26
882
15
819
794
114
495
67
816
817
831
815
103
715
823
27
808
3
964
63
106
770
790
810
776
829
790
105
772
780
772
807
790
793
27
805
803
15
793
771
786
76
814
119
777
8
796
778
775
65
814
779
19
190
777
382
803
805
794
815
785
770
793
812
822
795
886
769
825
794
999
49
96
125
814
774
816
646
73
126
829
857
33
780
772
809
798
611
77
829
913
794
106
518
2
150
832
300
791
821
775
831
532
248
779
784
791
794
774
81
830
773
813
826
101
260
64
87
122
81
769
805
801
805
634
539
105
791
537
805
781
830
17
820
51
219
793
810
16
415
820
786
814
788
807
803
778
2
799
789
216
784
826
812
214
278
769
808
74
804
801
784
823
15
112
800
130
108
799
796
103
9
814
62
771
820
797
38
818
778
959
798
853
786
793
783
40
832
781
783
795
771
777
775
831
799
787
821
794
790
824
809
707
796
869
770
95
788
930
811
802
958
770
787
1
826
411
810
101
376
831
871
778
570
817
797
52
57
778
782
772
803
806
779
792
800
811
743
819
349
794
103
804
37
93
824
66
828
79
776
803
808
520
820
675
805
829
808
818
113
770
771
792
775
745
784
778
827
787
69
820
816
806
816
828
972
43
798
801
8
781
824
113
41
806
824
780
811
88
40
821
773
88
784
105
115
771
95
779
16
814
795
814
382
801
805
777
784
332
824
812
780
803
836
828
89
50
789
572
713
42
485
69
814
62
76
99
595
112
23
109
842
111
66
94
33
506
102
88
42
528
128
6
3
63
883
277
7
852
13
48
100
477
103
10
3
697
93
47
774
37
60
991
106
51
37
60
38
29
45
80
12
303
530
66
67
66
11
222
409
116
768
119
779
19
428
52
31
40
449
20
839
85
87
454
946
50
1
108
80
116
112
482
46
64
780
44
106
42
81
125
279
718
455
76
268
51
769
87
687
245
66
48
60
74
15
89
22
108
655
32
119
123
17
953
23
86
30
12
71
1
94
95
124
104
128
48
108
21
96
117
2
99
21
450
856
4
455
100
29
50
22
33
127
126
117
114
127
39
36
40
105
74
38
738
244
35
32
115
98
47
11
779
26
124
78
76
348
72
110
306
69
519
58
51
35
27
114
102
82
122
242
169
92
82
179
637
77
101
85
57
781
107
275
124
80
118
517
124
204
649
121
61
108
35
358
108
143
93
27
44
32
52
37
79
702
83
37
102
26
357
84
249
123
123
106
27
64
61
13
63
123
50
84
550
114
251
4
114
74
89
882
108
76
7
108
119
91
83
54
18
104
322
77
281
61
59
357
15
122
37
800
113
395
23
127
32
710
1
101
90
126
502
91
125
56
475
33
30
115
83
491
12
125
38
54
11
37
598
176
104
105
42
86
117
58
16
84
56
989
457
67
639
119
18
27
89
7
63
365
799
61
251
37
30
17
31
76
114
9
92
314
110
310
103
51
102
286
91
35
55
19
69
8
69
68
82
82
59
109
45
985
26
125
38
14
10
11
14
8
477
84
1010
576
17
735
85
101
63
785
44
14
7
207
34
83
63
36
103
23
101
86
53
18
68
36
117
120
77
110
128
17
106
3
77
75
120
39
407
46
10
120
766
20
32
503
560
644
46
104
29
99
70
9
73
413
64
6
45
114
95
368
59
45
74
85
14
487
296
23
69
23
20
16
63
28
8
505
260
62
12
28
369
89
71
81
192
100
821
107
755
38
265
124
120
16
57
109
56
844
422
103
751
400
251
126
32
120
742
44
38
26
890
672
725
492
115
41
56
67
548
86
8
47
42
14
98
81
9
26
35
178
101
69
33
77
17
20
2
124
73
91
117
54
62
517
992
250
73
541
95
655
45
22
98
81
726
30
151
898
75
29
806
14
616
809
53
888
17
42
15
37
413
299
38
28
19
117
90
526
123
8
77
179
857
618
122
75
28
21
820
65
54
140
388
121
123
82
63
98
66
42
488
21
128
218
102
835
95
253
267
768
45
989
370
103
38
82
5
90
703
53
830
73
49
1011
83
109
101
117
98
52
95
27
84
128
74
509
11
100
101
769
13
113
314
528
20
57
6
74
15
1016
517
952
645
318
29
112
11
12
120
89
44
43
108
59
3
2
43
43
91
350
68
126
1004
123
1018
98
222
417
124
117
95
70
877
69
91
948
23
525
592
8
989
48
860
24
124
300
49
46
50
77
125
87
103
71
60
80
25
380
945
91
102
89
80
532
960
295
74
1008
764
1017
109
55
103
380
9
48
24
18
63
715
6
184
60
107
616
1017
40
4
49
71
67
68
473
3
881
5
123
109
4
20
61
127
11
71
107
102
144
228
66
17
58
44
56
49
1
88
8
127
30
705
101
99
119
51
87
80
63
102
25
120
58
38
730
101
222
7
880
32
114
114
80
713
36
100
106
105
115
33
89
86
122
9
8
56
8
86
103
57
96
473
53
67
83
65
48
50
83
58
826
75
124
41
11
63
50
46
288
430
542
105
533
37
599
60
25
2
118
38
44
73
89
799
50
47
307
45
5
41
271
744
23
97
1
38
80
513
78
64
76
43
115
90
8
101
49
56
126
637
10
870
34
70
887
500
54
38
86
7
910
48
538
128
60
34
820
67
125
108
85
61
47
100
75
12
16
679
31
24
101
80
63
67
733
75
521
98
58
16
28
122
67
7
88
119
83
102
54
447
88
587
22
539
127
82
1005
51
35
978
81
431
68
396
26
72
122
69
49
905
185
6
55
220
23
40
507
63
107
246
57
441
53
735
121
714
487
9
49
36
117
39
97
685
14
109
15
69
128
401
91
1
56
90
483
98
1007
973
50
92
110
388
373
9
43
64
419
116
52
121
89
20
3
63
117
70
588
39
281
11
88
1
881
110
95
13
68
102
106
91
86
3
55
89
19
446
64
10
135
39
66
105
267
63
52
73
669
103
327
152
62
22
126
87
26
37
34
487
58
940
124
658
79
395
66
852
108
25
41
28
123
64
53
3
95
83
842
663
569
82
697
30
176
125
21
1
20
445
36
103
841
470
94
52
124
154
121
55
6
34
747
85
45
77
65
25
98
24
122
9
105
543
85
127
771
613
44
98
214
111
30
30
89
654
109
85
722
22
467
679
850
842
16
21
69
89
47
85
528
87
36
806
108
292
111
848
62
38
47
981
47
566
629
89
42
127
127
124
54
814
38
114
84
113
105
50
29
120
936
105
386
95
95
15
92
87
756
34
696
99
112
30
267
102
122
90
104
65
110
576
46
350
34
51
91
9
229
52
27
120
23
32
486
335
44
108
64
861
64
29
120
23
518
841
95
110
97
35
57
53
805
308
119
4
85
64
123
30
9
25
121
53
103
5
1013
116
59
920
123
1000
30
95
51
30
91
552
64
6
98
55
64
68
56
93
13
123
60
239
132
499
29
1017
84
1015
65
727
49
69
631
23
474
605
591
2
81
71
97
43
70
35
48
63
103
77
61
127
105
13
78
111
72
89
98
40
93
77
102
643
992
34
9
80
52
74
79
54
657
523
65
1016
228
461
376
119
469
79
680
116
915
91
823
20
290
21
122
5
564
63
363
119
60
545
14
116
86
84
47
514
753
60
93
31
110
492
118
36
82
373
82
33
7
27
683
116
757
98
26
528
33
350
18
796
70
119
48
303
26
57
51
77
467
23
83
71
25
98
76
27
803
85
59
30
75
60
541
208
105
103
61
118
691
45
17
1
53
651
466
105
430
8
963
101
97
93
120
124
95
33
26
362
103
12
337
559
365
66
7
106
6
18
28
125
62
179
405
975
101
45
525
274
50
9
79
515
28
417
66
373
12
14
124
120
106
88
126
126
611
59
31
87
27
60
4
9
2
99
85
64
500
254
928
41
448
367
584
16
21
14
73
623
121
47
55
600
273
42
510
828
83
463
114
80
62
86
1
553
109
96
921
98
95
98
67
109
10
279
14
16
543
292
48
70
27
38
74
35
64
29
125
76
928
101
203
727
96
43
319
222
70
470
17
109
89
38
10
114
451
494
4
52
57
448
286
152
789
123
51
26
47
45
738
31
49
91
124
97
435
118
149
97
445
29
775
943
833
5
99
92
86
828
42
87
44
242
122
31
47
69
111
950
72
532
18
65
692
100
227
992
21
1008
126
108
52
31
597
105
545
106
72
32
127
791
35
57
16
533
68
104
98
543
102
52
110
772
86
69
99
85
40
53
107
100
539
384
116
38
651
42
17
89
41
790
77
280
596
80
15
104
439
98
17
70
763
977
63
41
768
3
106
474
81
943
60
54
39
123
32
124
7
24
525
126
11
806
222
21
42
43
108
125
870
268
102
50
949
49
24
107
80
21
125
30
68
74
73
102
9
77
38
14
29
50
99
52
826
645
946
74
3
905
997
793
118
10
124
564
102
1
13
12
43
24
993
103
51
67
630
42
17
20
8
38
12
75
468
243
263
76
99
35
443
108
602
41
74
37
657
803
48
29
169
454
606
294
115
451
123
49
101
121
112
216
57
116
53
102
158
45
73
14
415
667
124
1019
9
31
52
4
94
31
862
72
4
372
35
119
303
22
876
26
587
35
22
90
769
99
990
128
104
151
872
82
228
72
5
15
8
6
25
12
36
64
116
116
25
21
291
122
98
13
336
86
950
27
123
967
91
126
466
81
95
110
65
853
595
660
81
591
641
15
13
122
492
67
486
63
31
73
52
106
349
73
97
258
86
12
72
77
14
59
500
439
18
777
3
38
24
58
76
883
91
73
106
65
61
173
1008
90
21
742
107
380
116
121
64
30
114
87
720
123
9
37
42
102
72
28
102
853
609
572
419
62
86
417
93
631
15
97
582
114
389
114
11
817
115
889
109
84
100
643
75
39
148
128
33
136
71
127
127
106
64
37
218
10
24
330
65
608
142
14
4
50
93
933
612
37
92
127
1
408
944
1
18
533
61
50
128
70
107
98
914
690
805
126
406
116
590
359
77
111
716
79
39
106
22
91
116
15
39
841
97
468
84
114
35
52
36
57
173
218
62
10
103
125
44
425
993
51
1005
30
64
61
306
32
125
116
57
987
29
101
87
19
116
865
72
31
55
99
669
109
28
554
113
114
81
78
84
161
28
64
102
87
111
21
125
6
98
40
548
789
761
56
433
102
84
29
45
823
100
100
6
77
18
3
119
53
6
170
13
122
184
85
29
8
588
110
113
67
54
81
104
13
53
43
66
38
53
7
17
57
340
525
498
903
127
49
16
44
267
830
121
95
16
99
2
38
664
928
120
75
911
105
69
116
20
43
88
176
973
80
82
46
12
101
672
10
106
38
81
309
59
89
56
15
177
119
47
91
118
1
99
45
105
18
85
46
794
617
61
861
993
56
67
886
57
110
753
9
614
57
261
106
55
590
25
98
676
34
537
71
57
108
864
810
93
286
466
18
39
114
120
3
109
895
22
103
125
127
82
12
69
64
80
21
6
905
684
99
4
12
15
64
20
119
176
44
51
124
13
120
124
458
363
120
831
96
96
10
124
108
30
113
79
113
911
87
26
109
391
83
70
30
607
226
585
43
52
43
171
969
107
67
91
53
391
106
20
349
68
308
120
1
60
65
31
379
40
38
452
123
1016
3
784
711
36
9
21
84
644
662
77
500
113
69
107
49
20
38
464
71
23
116
82
57
128
1010
8
110
23
60
40
59
90
114
636
568
71
101
2
650
163
88
338
860
68
599
121
11
375
6
179
103
105
36
25
99
445
464
882
83
3
415
132
64
572
91
121
3
298
716
120
114
93
102
116
23
642
117
94
95
41
54
253
109
53
612
104
60
83
419
82
10
18
60
28
228
14
40
54
63
3
562
67
56
80
27
81
43
857
96
98
105
57
127
120
84
64
44
44
807
45
90
280
48
110
105
631
62
38
108
732
68
84
76
64
93
90
226
7
96
20
70
120
425
638
92
54
19
224
87
112
122
20
172
98
9
120
90
75
31
73
586
27
119
39
85
125
75
56
102
21
106
43
65
78
25
12
685
41
118
14
120
52
104
16
16
71
112
72
39
57
34
133
22
55
71
85
710
60
8
61
768
19
91
42
114
98
39
14
250
56
237
64
988
94
107
16
164
74
280
134
565
69
13
11
55
121
842
489
292
28
9
11
77
682
80
81
93
84
11
13
89
42
61
994
856
47
21
120
104
75
35
928
694
59
28
68
113
15
108
91
7
437
67
75
2
104
50
118
925
891
37
52
676
651
114
111
49
112
744
56
278
127
118
125
84
113
183
24
15
344
100
113
98
258
814
10
333
62
120
5
117
444
564
31
66
110
724
13
418
80
42
5
128
904
74
31
47
93
792
531
359
79
8
339
98
77
1017
115
95
37
95
86
789
89
716
91
94
83
118
78
33
90
29
582
48
31
96
105
133
115
369
807
53
494
123
107
446
676
1012
114
97
1
119
118
14
77
68
22
47
73
37
962
16
63
82
5
978
20
93
370
27
21
101
586
86
621
82
43
64
102
686
898
778
819
93
962
102
683
930
85
25
128
100
17
406
709
53
909
22
120
42
11
1016
125
249
71
47
830
81
32
90
1
118
30
57
53
8
81
47
48
12
20
945
94
8
61
98
94
30
817
72
124
748
67
103
48
117
123
19
56
15
102
84
78
53
120
874
13
128
991
116
55
984
97
64
357
547
400
6
59
53
14
798
437
29
116
54
372
3
110
26
50
96
16
916
521
100
82
99
126
125
1
482
63
111
96
124
94
166
80
73
21
71
7
103
23
36
67
779
929
64
655
795
746
110
65
252
41
29
101
73
105
42
25
94
39
63
1
105
10
99
73
99
34
42
38
86
205
605
63
435
121
163
90
137
405
56
88
83
126
127
33
572
42
77
325
124
54
122
64
647
30
755
21
346
50
78
57
83
70
185
685
42
5
109
89
41
4
104
93
22
106
705
80
209
675
286
99
93
970
102
603
749
532
123
114
791
455
676
90
773
15
21
24
10
40
79
653
203
57
22
102
101
75
933
6
104
19
727
9
722
69
80
1023
69
605
51
83
32
964
96
45
309
729
330
32
18
102
122
46
34
22
66
88
59
34
43
33
106
68
564
48
1
75
303
24
88
41
571
19
432
120
641
115
4
88
77
107
30
41
73
5
85
81
372
2
28
85
40
117
112
151
80
51
111
85
85
25
110
884
82
42
36
573
7
55
631
143
78
848
19
43
119
79
86
3
117
124
496
93
108
33
85
40
487
74
185
515
654
63
116
99
94
100
625
229
59
84
71
29
92
680
4
869
245
82
789
161
34
98
327
108
114
22
89
95
118
86
98
92
4
15
106
78
113
454
110
83
36
32
14
12
55
78
42
62
17
87
99
94
36
316
115
49
99
12
122
58
619
925
412
109
116
334
100
11
50
11
519
47
124
81
213
38
81
59
86
43
28
102
32
94
73
499
12
580
350
75
768
37
107
28
112
105
102
782
753
39
580
754
35
500
71
1019
9
125
76
90
74
126
58
128
52
124
109
72
40
13
94
125
610
51
104
63
99
33
644
265
71
4
120
527
608
248
79
28
60
61
122
57
969
81
115
795
76
67
69
74
27
52
79
6
67
97
46
92
38
178
26
18
911
15
93
74
688
111
587
127
117
65
18
35
47
952
77
67
730
7
115
40
104
92
87
30
103
11
147
76
42
687
