8192
307
386
606
307
401
401
224
469
338
696
445
401
445
224
224
307
899
818
1002
533
1002
899
156
696
51
899
51
450
950
27
818
51
543
923
920
656
109
899
32
156
139
32
623
855
51
32
543
1002
899
32
977
651
64
758
527
651
422
896
527
493
527
651
651
601
558
869
493
493
57
896
422
117
494
494
422
527
64
64
494
527
422
977
494
744
493
494
592
64
540
408
680
954
329
816
528
340
372
816
157
773
540
540
31
408
372
372
372
540
653
408
564
986
859
859
744
456
986
35
700
744
163
859
859
76
564
564
232
773
537
897
93
152
897
232
129
232
463
647
463
232
847
93
847
448
129
405
432
717
393
965
330
330
965
819
965
965
610
393
408
330
965
610
322
408
393
993
993
330
403
322
993
965
965
408
527
640
743
843
70
382
743
70
113
113
585
527
856
585
382
585
27
664
70
367
113
382
585
743
843
527
527
113
871
183
743
843
113
314
585
527
960
84
843
382
743
382
527
70
113
527
585
743
927
505
10
10
927
10
927
78
927
944
78
329
772
78
703
547
432
772
944
769
153
846
10
10
351
351
273
115
273
660
996
397
273
996
544
660
660
351
273
273
66
152
152
996
273
273
17
660
401
660
660
607
152
660
17
846
152
273
660
152
224
504
449
739
852
210
449
425
471
471
504
750
852
471
852
471
750
739
341
471
504
930
739
552
750
750
852
471
500
471
852
852
504
449
320
320
852
495
739
320
471
739
706
365
963
510
963
510
152
365
353
510
200
11
152
152
908
365
428
555
365
200
200
152
200
510
555
11
365
555
152
200
555
107
555
200
963
475
152
555
507
270
884
339
502
270
323
493
602
502
526
1018
502
223
493
1018
156
270
979
979
63
979
703
703
574
173
387
574
574
903
312
173
576
312
799
799
443
101
312
173
387
1010
510
918
607
510
80
918
746
918
510
974
330
607
236
974
918
918
510
80
974
236
974
900
918
80
32
515
835
236
510
236
918
80
80
1
491
32
607
236
974
607
974
846
80
555
607
930
510
972
621
594
466
475
589
87
466
594
475
21
475
655
475
21
268
564
972
268
55
691
392
767
513
335
513
513
691
513
513
632
228
632
24
228
420
335
688
691
392
24
882
691
513
691
513
574
335
335
499
813
691
392
688
392
691
691
632
392
632
335
59
999
956
561
590
635
999
765
999
813
911
59
999
750
754
898
569
569
861
925
85
760
59
59
861
45
921
576
63
921
576
941
677
63
825
63
637
576
366
45
63
368
677
677
677
1019
921
366
366
576
63
921
921
474
1019
677
1019
478
668
609
668
272
921
366
921
797
87
87
36
466
755
797
910
764
577
918
797
972
36
575
797
972
87
36
910
87
918
87
910
22
577
764
651
797
185
577
36
797
1003
918
764
910
764
797
36
773
833
745
745
500
960
500
773
454
500
833
66
960
454
745
833
960
773
960
454
833
915
773
846
773
437
745
745
500
667
454
833
437
833
717
518
914
173
246
246
914
241
36
173
246
602
52
602
963
957
602
198
896
309
1012
1012
896
189
776
821
198
198
821
712
96
309
309
1012
776
198
776
1012
96
96
1012
140
896
835
582
557
749
169
749
513
647
513
359
727
749
513
1
1
207
169
98
98
749
266
196
654
140
266
526
145
526
442
526
266
607
337
654
442
442
266
266
266
956
526
266
442
370
901
642
349
370
175
901
370
642
642
175
58
274
370
370
274
175
370
58
58
901
642
274
159
370
58
849
642
92
349
260
207
58
902
766
902
647
902
902
400
132
132
647
647
188
559
476
150
49
49
647
400
561
559
400
746
940
559
281
945
281
393
757
39
236
393
769
445
875
875
795
775
915
39
141
393
82
393
628
736
622
875
790
736
141
757
39
393
39
736
393
82
82
790
141
736
393
141
757
37
790
82
736
82
807
49
970
49
814
599
978
49
574
699
807
970
149
807
599
790
574
970
263
599
594
807
49
814
807
783
814
814
574
699
575
574
710
699
970
176
16
16
425
446
446
312
765
16
446
80
423
312
423
312
446
176
765
176
312
334
765
446
676
442
848
479
537
428
479
41
419
723
825
479
428
41
537
428
825
848
479
428
442
537
848
537
41
458
496
479
671
537
391
723
428
825
367
390
825
848
848
41
825
537
479
848
428
825
479
521
340
591
615
90
1013
737
315
52
1013
90
37
492
204
130
90
37
770
130
204
130
1013
204
347
240
1013
770
196
196
924
481
578
619
763
196
784
924
149
947
196
196
881
559
947
936
566
382
45
149
566
881
821
149
930
881
45
804
924
469
947
45
469
752
947
451
170
149
149
881
149
813
924
493
45
149
293
92
18
567
504
295
379
567
654
983
654
556
556
75
753
567
312
312
379
567
312
753
379
379
556
510
92
556
753
379
312
816
312
293
379
293
73
654
556
567
114
711
567
92
381
457
655
462
622
703
622
955
29
649
649
457
622
457
703
703
703
622
457
649
29
649
955
955
649
1006
525
29
978
710
547
433
149
447
431
433
978
993
276
2
968
710
433
431
431
644
431
447
941
447
447
433
182
447
91
547
644
644
447
91
91
710
547
447
238
155
155
672
603
307
787
300
246
998
300
998
155
300
146
348
671
421
671
427
307
671
83
547
307
998
155
671
547
998
547
427
728
998
155
427
671
58
991
802
143
267
991
143
776
309
571
802
21
236
356
143
802
991
468
392
436
40
37
913
569
37
582
858
309
502
74
468
40
340
392
412
40
468
40
436
858
38
40
392
858
436
858
436
449
227
547
754
555
578
227
227
628
227
401
401
227
720
204
709
871
204
736
768
754
113
227
405
34
633
34
951
644
345
633
189
926
926
34
633
350
34
951
633
153
644
350
34
350
350
633
345
644
951
951
345
633
350
989
910
799
345
350
350
915
34
926
989
944
1018
864
944
861
480
480
642
938
156
1018
12
802
938
642
156
1011
802
944
642
938
944
944
938
273
480
642
40
284
480
156
142
1018
944
1018
642
864
938
480
802
440
172
568
52
937
48
815
937
942
630
52
630
942
630
630
815
52
942
440
52
229
775
347
372
250
630
229
48
551
818
630
139
229
937
48
937
48
229
229
630
815
815
74
48
977
12
348
405
405
784
12
977
396
12
784
12
366
12
366
348
396
12
389
977
396
534
784
25
808
808
505
495
1008
808
439
241
808
275
439
1001
633
439
808
786
1003
633
119
554
726
633
1003
1003
439
1003
808
554
907
786
1003
1001
808
726
786
726
786
416
337
390
1003
239
81
488
475
716
475
488
475
194
716
475
475
536
584
488
448
239
377
488
584
194
716
475
488
194
475
71
716
776
54
693
280
720
124
124
720
720
124
713
567
720
509
280
71
693
720
776
776
720
124
171
124
124
325
846
14
755
325
14
535
14
535
535
118
14
325
755
755
118
755
118
14
63
118
535
755
168
325
377
325
325
325
715
974
14
632
14
846
535
325
974
325
325
286
286
305
527
193
193
305
443
443
193
443
193
635
193
400
635
321
93
693
212
376
445
466
67
277
346
93
93
346
321
277
679
676
456
445
49
456
67
83
456
456
346
184
1012
445
167
466
93
93
300
67
93
346
456
195
991
290
855
1009
408
769
496
408
832
991
290
991
726
516
855
549
991
769
496
290
832
299
832
769
408
408
408
408
290
855
4
85
855
896
769
466
991
27
510
295
774
27
612
16
27
752
170
164
27
304
450
110
27
608
752
957
16
709
110
596
534
510
225
827
450
510
510
410
27
450
450
450
510
594
93
510
368
761
510
1003
310
310
1003
933
290
369
366
818
310
677
1003
253
677
290
898
479
677
677
390
290
310
200
753
290
933
818
290
818
658
677
818
310
818
677
310
634
339
75
894
32
530
894
486
23
75
446
486
479
894
754
23
486
576
486
339
853
23
307
75
563
853
894
853
75
154
754
879
23
754
23
249
23
894
853
439
339
852
979
607
284
607
971
607
308
607
661
757
979
284
764
757
275
64
757
230
757
414
607
140
541
757
275
850
650
607
168
275
275
205
284
959
758
1001
1001
970
930
76
970
612
760
429
909
76
736
760
959
760
572
671
930
260
572
758
959
930
930
76
76
970
572
423
408
249
172
76
1001
572
970
970
177
572
758
1001
959
930
1001
959
76
323
98
800
940
323
106
566
98
800
510
670
773
348
566
940
615
106
940
98
672
712
103
538
103
459
471
265
459
533
988
712
265
331
471
201
408
459
265
643
643
712
533
533
514
265
990
283
162
741
332
940
741
416
366
678
366
952
952
940
940
283
952
416
784
851
622
462
851
76
109
76
3
626
380
109
76
380
336
462
109
462
109
622
76
76
332
896
162
703
243
122
804
312
186
312
576
473
983
186
186
804
430
804
576
576
983
312
576
605
576
576
430
804
605
272
243
243
782
851
782
241
210
782
108
922
124
330
574
330
922
833
420
782
210
922
210
922
390
420
210
782
489
420
922
218
218
266
304
218
325
278
870
304
218
218
171
580
278
340
626
278
266
266
937
880
278
218
512
304
218
340
266
304
867
179
266
174
758
870
266
880
880
304
965
728
980
874
913
995
965
980
739
296
874
965
995
183
296
728
965
980
296
296
995
296
709
483
538
257
483
538
395
330
538
483
158
158
395
997
257
521
516
521
257
840
257
538
158
269
158
538
338
516
521
330
538
483
521
257
521
641
90
560
356
90
625
1003
429
22
878
90
747
433
90
22
252
878
67
22
747
22
67
22
90
433
1003
90
146
429
429
433
90
22
22
67
878
747
22
747
843
757
1004
754
346
843
754
757
951
860
16
655
754
787
754
754
454
505
754
395
982
147
304
201
936
173
201
428
418
521
173
626
428
412
147
201
1022
418
418
982
108
418
87
147
173
173
428
395
173
982
428
173
790
4
4
888
163
273
595
595
362
507
595
102
633
280
633
102
362
273
362
888
512
633
4
567
935
372
691
89
33
372
698
698
452
698
935
698
853
698
452
695
698
853
455
935
698
989
688
749
926
667
363
62
363
62
58
7
58
926
62
193
845
183
58
183
363
58
749
363
62
994
667
62
363
134
834
926
294
455
455
983
804
366
354
720
455
633
74
160
455
983
953
455
983
952
950
455
983
983
366
628
455
633
898
74
74
294
898
633
983
366
22
284
462
22
667
864
185
284
715
99
530
715
22
63
715
22
708
667
715
708
906
126
906
428
558
232
232
558
860
840
735
232
232
410
552
87
946
735
410
988
998
578
998
186
659
744
98
315
241
74
186
988
25
998
186
98
998
241
408
417
776
284
272
403
899
284
524
899
403
433
10
899
403
899
219
38
776
472
472
272
417
973
772
742
284
272
1019
21
398
718
36
282
998
984
820
999
21
36
556
21
556
546
36
820
556
21
546
984
36
599
685
506
476
16
21
398
556
612
77
998
44
398
36
492
923
254
661
24
36
254
658
24
24
254
342
24
350
661
924
571
413
413
924
20
1015
1015
507
1015
507
791
507
831
1015
1015
1015
413
1015
20
827
507
507
629
699
273
20
39
1015
20
413
517
744
891
10
897
816
897
897
897
897
891
10
891
891
744
744
744
926
641
597
912
849
194
194
349
194
55
912
600
55
227
912
294
294
194
294
7
349
28
28
194
227
294
912
28
294
28
114
912
55
28
849
227
912
194
294
194
349
28
349
294
194
600
893
295
893
367
1010
405
153
239
1010
147
954
1010
1010
295
147
204
668
668
367
678
1010
668
893
668
893
295
668
1010
668
147
893
414
648
1010
532
79
785
547
730
78
992
926
78
239
818
169
79
78
884
79
78
79
220
884
884
903
839
693
111
729
981
685
856
903
685
922
550
685
731
856
981
856
685
693
111
693
693
111
753
685
685
981
685
797
111
903
111
729
693
363
729
118
693
729
685
903
731
111
731
981
1006
813
813
813
560
1006
813
813
785
1006
506
205
1006
1006
1006
596
627
532
746
532
296
560
861
532
596
445
269
986
21
624
986
125
21
624
624
118
39
875
986
875
448
39
21
986
125
218
39
875
21
875
125
90
21
624
624
28
986
875
528
118
321
705
960
191
960
6
960
705
132
482
321
322
321
321
67
191
960
321
960
960
322
322
960
705
653
610
750
885
655
756
750
636
636
750
493
750
655
540
885
769
754
583
709
610
750
436
885
885
15
636
889
750
637
610
769
162
367
162
538
538
782
334
379
162
749
538
162
162
367
47
367
379
538
808
782
891
162
749
85
725
538
209
162
379
162
47
782
162
740
984
891
379
538
460
367
470
162
534
327
41
960
309
960
337
204
149
958
368
958
368
816
327
816
368
960
337
816
111
409
759
696
747
759
192
409
878
409
409
190
696
409
706
706
443
215
882
316
215
190
192
409
327
190
918
337
808
842
337
933
337
986
986
918
682
180
122
122
616
214
808
986
918
377
214
122
337
918
918
337
337
918
79
222
138
143
780
143
427
427
71
138
272
604
427
624
624
368
79
427
79
272
90
272
79
427
538
624
272
368
143
427
143
143
238
255
238
975
975
726
975
158
255
975
726
815
773
660
815
726
975
726
591
726
726
591
815
649
726
975
238
625
806
815
773
238
200
299
171
939
200
299
706
299
751
299
299
171
751
751
299
751
224
788
488
617
171
431
299
222
224
224
751
661
165
224
873
200
873
171
224
873
84
200
735
868
473
343
570
983
831
243
989
755
443
114
213
622
443
213
114
254
976
443
519
213
868
983
343
114
366
824
88
509
53
369
343
554
343
583
335
509
83
114
509
114
366
83
343
509
509
316
824
366
509
83
369
1
369
957
114
366
83
509
20
583
369
509
583
824
343
461
366
374
38
640
640
483
10
486
276
483
751
10
813
813
10
276
783
783
813
82
483
276
813
618
700
381
465
465
465
1011
365
618
465
1011
1011
885
62
398
62
479
547
275
916
88
916
721
916
88
889
916
1006
743
180
88
361
916
547
723
916
838
88
119
916
119
723
1009
88
547
721
838
916
288
288
495
237
268
268
556
251
268
843
237
286
556
1015
286
758
790
268
990
556
679
75
251
286
192
268
286
268
388
932
204
45
7
668
107
411
511
7
349
107
204
892
892
91
892
7
916
892
411
639
271
107
7
639
28
687
417
436
764
26
436
26
436
687
42
26
436
436
731
950
80
969
436
436
500
42
687
687
969
42
653
687
42
969
961
340
347
347
351
347
340
750
502
340
750
1024
961
1024
347
347
961
961
545
750
39
543
543
602
964
340
418
945
351
1024
340
252
961
351
543
77
134
750
779
340
340
779
779
779
750
779
587
125
118
944
186
264
664
587
125
7
446
685
118
232
551
568
668
118
685
664
61
664
685
125
587
551
664
118
587
118
551
269
118
568
599
965
496
965
646
180
496
569
965
846
180
569
569
965
995
430
496
569
292
165
846
496
180
864
258
921
887
934
209
864
864
117
60
473
938
934
921
934
420
237
209
1015
921
455
207
753
770
379
404
325
862
770
770
924
529
862
54
307
862
981
862
529
510
510
559
839
336
510
839
419
201
839
963
201
201
959
419
963
873
440
781
724
959
24
959
509
600
385
523
502
385
238
983
865
138
600
455
738
865
983
308
887
983
738
600
887
738
983
238
738
275
238
238
980
385
342
600
600
738
983
887
865
385
843
600
112
275
600
238
611
925
359
488
425
167
441
899
425
488
167
488
810
394
810
899
168
85
707
712
923
223
243
101
243
923
150
243
243
747
712
882
712
816
964
243
296
712
919
150
101
646
281
328
150
712
220
712
923
832
288
245
601
601
737
832
832
164
368
164
832
601
1000
207
368
245
245
368
1000
368
832
164
245
832
368
245
288
1000
122
245
7
164
166
245
815
912
777
218
1012
112
912
912
815
604
777
112
251
112
777
356
777
251
690
374
552
912
777
38
120
833
196
715
120
287
770
833
749
287
101
715
287
793
287
833
531
749
833
749
805
101
470
430
777
779
719
823
253
560
382
719
253
485
719
526
19
700
996
543
719
996
727
382
996
700
719
823
144
460
895
719
614
709
624
310
109
847
821
69
64
64
109
109
64
310
624
310
166
244
166
407
866
109
109
877
725
109
109
166
624
624
679
69
64
704
164
48
66
1010
415
588
873
1010
66
415
330
66
71
71
1010
1010
739
704
873
588
66
699
415
66
709
203
266
345
709
709
958
870
951
951
663
365
365
951
345
753
365
951
266
365
753
958
345
958
753
709
951
124
753
290
71
187
263
3
263
263
187
91
500
522
756
974
500
756
522
3
3
500
974
522
756
855
3
187
187
278
263
974
641
591
443
696
641
322
646
455
546
641
455
546
455
546
696
455
977
546
546
322
455
641
641
504
546
430
503
734
551
860
860
561
734
376
344
131
695
860
133
164
503
164
734
164
860
551
551
695
551
860
164
695
860
164
140
164
734
734
551
734
140
734
131
164
695
685
695
164
488
503
545
734
555
871
818
797
373
818
818
483
497
428
38
797
311
654
818
43
157
553
31
656
43
43
818
797
797
818
43
284
656
361
719
553
495
495
371
483
553
102
229
483
553
495
818
483
483
483
818
509
806
230
256
230
520
438
256
640
804
806
520
806
640
806
419
419
493
230
493
256
230
728
727
680
979
916
341
916
486
916
706
680
916
916
930
795
979
792
680
772
486
165
979
916
680
979
979
486
7
517
455
792
486
680
613
970
165
970
970
517
165
517
517
605
70
193
230
955
208
955
208
193
230
292
893
193
280
193
893
1014
245
208
208
193
955
893
208
62
193
696
230
589
285
245
245
544
938
786
320
707
320
152
938
401
786
707
786
938
320
707
401
1012
320
786
645
707
320
864
74
74
162
738
738
463
162
868
195
888
74
162
80
74
463
74
74
57
233
868
195
738
74
463
492
463
868
738
195
626
708
339
730
1007
779
829
1007
635
847
847
635
339
133
133
796
133
284
635
847
133
974
133
200
708
339
284
847
703
708
730
635
339
627
730
730
528
454
719
62
467
528
817
322
817
887
799
528
252
214
817
739
817
739
843
454
887
385
887
631
746
887
739
843
384
454
322
322
252
843
843
454
454
215
692
987
735
371
573
931
931
64
64
98
98
987
748
769
64
987
769
192
931
576
64
98
931
769
64
988
931
378
569
378
378
1020
569
378
478
378
54
378
378
600
667
378
278
569
63
569
278
579
478
478
378
278
254
569
589
478
620
1020
667
1020
478
785
378
569
152
667
1020
1020
478
973
949
667
137
63
667
79
573
79
198
930
930
381
489
970
930
764
970
764
930
764
231
573
92
1000
896
702
319
682
702
119
129
896
414
896
957
664
119
577
577
452
702
596
230
230
119
772
577
881
978
957
414
702
440
664
101
37
456
896
762
957
119
414
793
957
903
119
896
957
818
455
560
455
560
455
631
220
121
513
46
985
121
480
560
46
121
43
441
650
765
487
357
765
765
765
179
1003
43
765
357
471
43
353
487
971
641
43
798
641
190
1003
765
487
1003
357
1003
769
1003
357
487
506
174
520
248
390
520
520
758
474
520
506
506
497
497
342
497
390
390
520
160
520
636
497
520
506
636
174
636
368
191
174
531
248
100
474
174
506
248
105
626
474
453
273
865
788
713
904
297
865
273
101
453
453
498
865
865
623
904
273
453
865
904
273
788
328
453
328
328
713
865
788
273
328
713
904
865
970
477
749
378
970
902
604
902
815
395
378
705
902
970
615
46
902
604
146
705
46
495
705
46
604
902
604
378
604
705
705
970
964
868
192
852
768
487
192
852
192
192
487
852
768
768
964
804
704
964
774
992
473
505
334
812
505
970
270
270
268
648
774
812
812
76
624
624
648
268
812
812
455
511
645
402
746
751
455
245
319
236
236
751
746
499
236
199
455
869
96
645
751
245
728
424
330
330
424
181
181
298
424
181
313
728
799
330
1018
282
516
424
824
728
330
298
516
893
483
824
181
282
728
396
282
298
282
728
728
298
322
516
772
62
181
259
1017
215
36
80
215
597
259
80
708
708
80
676
793
1023
259
486
708
486
708
215
259
80
255
802
799
259
215
852
259
215
708
32
708
486
793
255
80
701
599
176
124
201
559
192
633
559
176
1015
53
493
961
192
884
599
1015
483
66
483
895
483
321
483
81
216
66
903
986
321
986
483
992
688
986
986
973
81
66
66
101
306
781
551
49
609
679
781
833
929
551
379
679
101
977
679
665
679
551
929
665
234
665
101
551
147
779
136
936
779
116
354
869
147
779
116
729
136
245
268
779
147
936
869
268
936
821
147
116
136
936
147
116
869
147
268
869
779
136
268
355
268
268
459
608
7
379
273
608
611
43
926
699
611
611
408
226
772
608
273
501
501
501
226
608
995
379
608
970
107
497
275
970
510
970
429
924
107
783
107
148
510
970
275
71
179
877
758
902
71
854
179
179
180
180
180
179
179
179
877
902
739
587
179
1002
1002
902
902
877
587
71
180
587
758
71
71
71
587
758
1002
940
496
991
47
733
871
733
863
145
27
610
733
129
940
573
771
129
863
496
871
871
871
129
145
145
288
496
496
863
496
733
610
733
720
720
720
704
904
704
904
47
904
904
818
253
222
306
720
818
152
720
222
47
306
622
818
818
904
47
818
47
47
720
818
712
1020
955
287
1020
136
136
379
287
287
571
829
1
136
379
1020
520
46
278
1020
287
807
239
46
109
511
712
578
144
401
648
1020
144
637
46
136
808
173
526
222
467
595
782
456
222
173
173
484
173
222
133
484
489
222
173
118
199
250
235
128
128
229
350
876
954
350
128
714
274
710
223
350
503
714
350
350
807
229
229
274
274
807
229
714
954
807
128
554
807
235
954
954
128
350
128
128
128
954
954
837
406
936
105
725
539
406
739
625
837
739
406
539
837
19
739
105
725
725
105
32
936
877
428
504
132
132
180
428
432
700
277
1006
463
428
700
35
428
495
432
463
154
655
35
1006
530
124
530
998
530
805
549
998
457
760
124
93
805
805
93
928
722
864
867
93
93
500
804
805
530
93
457
328
666
500
701
457
530
124
241
530
124
805
701
403
175
280
403
403
437
931
175
280
281
860
403
281
175
280
175
70
273
273
273
711
112
70
330
175
273
70
280
175
273
281
280
280
70
931
1024
175
273
345
618
119
938
703
424
828
618
119
142
345
13
662
345
345
119
345
703
662
938
703
822
358
827
119
119
938
618
662
662
946
439
703
938
119
119
362
662
618
424
703
938
618
703
119
703
248
522
498
141
880
498
309
512
880
309
407
309
333
141
880
389
1011
656
661
383
333
70
512
309
732
311
90
512
141
825
880
880
309
880
512
1023
498
880
141
333
498
383
309
309
661
141
868
433
813
959
796
29
180
253
433
796
746
29
411
433
896
253
719
674
180
411
618
618
618
253
433
618
618
351
674
180
618
618
411
273
29
721
621
879
289
355
134
973
289
252
454
642
1002
803
984
252
879
621
737
948
494
948
948
948
304
28
737
737
510
968
911
911
510
968
968
729
729
796
510
923
911
350
451
451
918
568
421
451
918
944
350
343
451
35
343
978
864
451
917
35
918
350
915
695
915
695
168
681
168
168
80
681
80
183
860
1009
915
1009
1009
80
278
168
43
681
80
151
572
572
855
432
92
572
945
503
679
679
427
427
679
151
679
482
87
151
572
679
427
572
855
151
2
221
427
43
172
376
281
188
368
188
188
757
172
724
376
661
767
376
188
172
368
808
376
443
368
376
724
219
443
188
724
775
376
757
915
567
724
188
757
724
724
376
188
606
724
376
65
896
315
970
232
692
315
970
758
830
113
896
896
664
970
489
693
970
585
574
315
970
471
489
489
113
896
113
489
830
18
457
440
18
440
91
423
457
935
861
385
440
698
935
935
91
691
339
568
568
499
223
691
336
339
691
521
280
691
339
445
880
223
339
88
482
882
223
482
223
880
428
916
223
896
339
114
663
984
676
676
984
513
444
534
663
812
534
663
114
812
534
672
37
835
745
93
915
2
573
657
467
745
849
697
2
962
835
573
849
528
37
849
2
93
835
37
2
37
745
247
379
771
247
671
450
247
671
450
247
644
548
44
354
671
282
354
727
17
354
741
450
686
686
247
930
686
213
68
17
44
671
671
26
883
680
680
230
680
408
230
336
230
413
151
408
813
91
230
26
91
46
26
327
784
327
716
381
265
265
91
91
680
265
26
327
91
327
680
230
763
408
91
327
327
680
26
258
840
327
26
535
502
976
535
976
502
535
300
502
82
1019
300
976
300
612
39
502
25
502
39
976
976
535
502
798
502
2
39
39
535
976
798
1006
1006
867
86
438
19
581
245
19
245
19
586
19
500
500
19
19
19
869
245
581
586
586
956
581
581
500
956
956
245
19
869
19
245
581
245
945
438
218
869
245
586
586
707
778
183
778
1020
707
183
183
183
778
489
446
489
29
932
849
832
489
832
832
190
489
994
489
518
262
183
70
70
95
250
168
168
957
957
70
590
203
70
203
963
721
721
203
365
203
168
241
70
241
410
168
188
721
203
721
791
721
168
188
70
957
241
632
241
168
241
721
613
168
23
203
632
136
521
61
652
111
79
136
353
61
920
521
136
521
111
79
521
653
275
918
774
176
1019
608
774
176
176
477
608
608
910
918
176
608
247
760
774
760
760
611
774
409
918
653
760
207
428
213
428
213
248
704
851
213
804
428
428
133
213
476
213
476
671
428
704
704
248
963
149
704
133
428
428
899
804
133
554
205
804
213
149
149
850
476
248
474
109
109
452
931
487
452
406
109
406
109
515
633
897
931
487
897
351
264
714
810
611
813
611
262
519
670
714
345
118
714
118
118
714
670
714
714
813
714
670
698
231
841
445
698
887
610
913
1000
522
445
526
841
614
27
571
231
445
27
841
331
331
603
949
603
52
52
780
218
1021
52
62
293
935
6
52
377
52
1021
603
52
664
218
704
603
603
664
603
36
380
704
41
603
331
472
218
52
52
6
577
330
815
677
330
236
601
541
677
601
1009
327
850
469
330
904
677
236
677
214
236
236
601
680
245
485
485
395
707
910
425
425
318
976
485
485
379
976
245
395
425
976
137
485
976
505
186
245
658
424
245
892
424
425
245
976
847
847
805
870
805
822
144
805
432
423
822
822
20
921
88
423
847
607
805
877
888
822
805
927
927
607
967
805
442
927
847
423
472
822
607
423
423
847
509
847
870
252
13
900
13
900
811
612
126
126
528
599
652
528
528
613
187
13
811
126
811
126
126
13
780
789
613
789
613
784
613
542
528
789
900
789
649
789
13
989
426
13
126
126
279
106
309
344
492
346
978
702
272
81
279
978
346
978
165
978
309
106
346
978
492
978
951
279
550
346
843
985
494
464
715
576
494
985
843
715
464
715
464
412
843
838
304
843
1017
985
985
863
1017
985
494
464
843
843
456
715
985
1017
715
494
509
985
985
304
843
874
987
494
464
380
464
304
26
852
1022
164
1022
1
1022
685
1022
164
26
372
85
685
331
1
862
1
26
550
26
902
252
372
164
372
428
85
1022
85
372
685
26
372
85
26
1
685
85
969
440
995
96
273
509
32
440
96
96
936
969
59
380
806
195
936
32
440
995
215
995
380
440
995
440
380
390
344
142
577
344
834
142
577
145
145
344
829
577
81
390
145
142
577
301
30
147
60
421
253
516
767
30
316
334
821
334
509
421
253
757
925
821
343
456
253
421
821
334
253
421
30
421
595
976
400
947
976
976
595
976
933
306
947
947
976
933
595
933
515
957
567
976
384
595
687
933
687
595
384
306
567
947
933
933
541
384
541
686
686
384
1013
541
541
321
262
569
789
1013
686
569
789
541
626
384
384
541
686
789
982
569
154
789
262
541
569
314
262
541
789
48
569
221
789
686
904
98
343
904
426
355
646
449
517
98
904
343
517
617
777
40
777
355
343
722
701
777
343
247
646
494
722
722
355
700
928
500
822
476
361
911
476
171
26
608
911
476
822
608
524
476
1019
333
911
608
500
845
911
822
608
845
500
26
822
845
500
465
877
877
642
831
455
642
816
642
877
831
610
221
455
642
221
610
439
952
221
877
221
843
51
758
831
455
455
962
610
642
642
610
642
465
716
925
138
210
424
610
51
165
831
610
610
958
571
65
65
770
613
870
522
571
1013
752
770
770
325
571
770
65
325
870
870
809
571
325
471
870
1013
571
325
509
571
325
870
571
1013
1013
120
26
120
816
4
974
559
859
120
559
887
816
120
974
120
51
2
974
51
859
51
887
559
816
974
559
120
859
559
974
559
816
120
974
120
51
4
559
559
816
556
588
409
1012
409
100
76
76
646
100
240
409
100
50
409
556
918
556
597
918
250
955
955
100
556
955
140
556
812
105
409
27
556
100
918
100
955
556
409
76
83
140
646
955
76
360
918
694
150
369
827
369
507
553
121
553
951
231
689
121
256
498
369
205
75
694
121
638
459
488
93
558
490
401
969
401
428
401
93
930
72
490
522
93
830
490
93
974
366
490
558
428
912
93
247
490
605
164
303
303
460
164
303
634
634
527
743
634
139
527
845
527
605
527
460
845
527
634
460
634
605
303
463
845
303
716
164
463
527
845
527
605
323
463
902
903
164
164
634
463
845
213
460
164
76
68
793
501
793
574
152
249
762
152
127
76
135
152
127
76
534
127
574
762
341
574
793
793
762
250
249
574
962
762
127
68
841
95
417
669
95
670
728
623
728
728
970
623
95
470
95
446
728
895
417
670
95
670
670
623
895
56
417
95
728
95
446
95
446
346
417
623
472
550
1002
234
472
828
702
372
828
550
550
234
753
550
828
828
472
234
76
696
303
303
897
778
804
215
869
804
804
804
897
897
778
897
804
670
741
113
378
304
504
304
940
304
940
51
385
940
312
304
46
504
615
312
304
304
940
467
945
51
51
504
940
940
26
304
312
304
607
945
1018
422
691
943
1015
955
477
842
481
1015
422
1015
505
422
943
157
691
691
406
505
943
691
422
422
477
1015
1015
691
251
603
289
612
603
603
387
603
622
612
251
251
612
289
995
722
252
452
995
251
612
622
622
722
529
504
722
251
612
612
289
995
769
361
522
522
478
679
246
246
38
679
522
522
361
679
246
769
769
246
148
769
679
176
199
769
604
160
361
679
769
361
176
176
246
938
52
679
38
361
522
361
769
149
160
160
38
769
721
37
877
233
193
193
721
37
37
344
193
344
695
721
37
483
695
483
483
37
233
802
714
767
427
820
838
714
187
788
838
714
714
282
838
714
721
282
838
469
721
282
469
863
802
269
714
427
282
269
863
269
427
721
427
838
282
683
721
543
863
838
863
838
282
427
840
802
714
140
140
149
755
346
149
486
513
346
486
755
669
486
346
785
428
755
669
566
140
346
785
486
486
118
566
486
149
600
149
669
669
149
755
785
140
433
131
548
940
940
103
459
630
103
103
433
230
571
630
548
579
281
559
245
571
131
548
375
571
131
131
223
548
886
630
990
990
814
748
990
483
977
549
814
547
814
774
644
457
483
547
675
374
814
483
516
977
429
429
350
990
547
429
483
675
547
547
814
675
675
817
675
442
675
977
547
990
675
437
977
182
67
688
217
794
794
706
217
413
929
217
67
413
447
391
217
34
688
688
67
804
929
684
929
688
491
781
688
391
794
688
609
34
688
688
688
34
67
67
34
872
300
695
46
26
339
391
579
958
958
548
46
46
339
872
300
329
503
627
717
570
872
339
391
339
503
206
339
588
958
391
339
418
46
958
391
169
792
573
620
408
620
620
573
792
988
833
94
420
169
7
94
7
7
573
94
988
620
2
792
792
792
169
593
408
290
620
792
620
573
792
467
988
620
392
986
119
618
451
35
138
578
21
138
451
618
993
324
21
1024
986
986
1024
578
132
451
618
986
618
430
1024
119
138
618
1024
138
451
578
1024
138
109
669
870
188
517
188
271
453
188
782
271
271
517
863
863
386
271
680
188
453
547
485
453
188
188
863
453
517
798
848
848
928
928
43
43
269
43
798
928
928
589
798
732
43
478
730
589
149
149
33
128
128
149
905
905
471
471
237
174
174
521
174
149
174
521
174
141
905
521
174
521
174
371
210
565
610
610
796
505
210
814
814
565
557
610
796
371
210
610
371
814
606
814
580
60
210
565
210
610
435
608
664
662
664
637
876
876
662
128
876
578
312
876
578
664
128
664
90
312
312
57
662
90
90
90
876
595
578
578
789
444
90
595
90
664
664
578
578
662
128
595
128
90
90
450
595
664
312
127
409
127
409
127
689
127
733
471
467
881
409
999
733
467
689
287
409
467
899
133
354
409
127
899
999
409
689
514
733
127
899
22
709
165
318
709
354
682
612
682
208
35
465
407
711
165
407
682
709
202
545
828
897
828
828
545
656
828
778
613
334
225
613
828
656
545
983
334
828
822
844
131
1015
788
127
56
788
1015
712
131
107
712
788
788
1015
788
844
1015
68
344
916
844
264
460
978
885
978
885
885
915
866
375
389
720
915
389
885
1020
978
720
720
885
30
389
389
915
30
885
323
30
34
885
780
30
30
885
155
1020
34
765
34
720
720
915
263
720
915
720
243
867
841
841
152
251
606
69
606
841
117
243
243
117
841
319
152
606
243
606
841
117
841
319
553
724
838
583
583
509
660
459
760
732
673
689
689
732
198
673
689
249
732
689
700
583
665
583
732
689
758
660
689
689
660
249
249
838
838
673
673
583
660
1002
740
486
740
552
690
320
1002
508
740
193
193
345
1002
486
699
740
574
875
795
495
574
391
978
572
953
713
352
143
352
572
267
292
572
547
547
297
352
658
920
93
143
93
50
657
287
82
143
62
10
123
304
10
416
62
252
304
146
998
466
146
146
970
10
10
10
355
304
19
583
608
704
839
416
172
172
839
113
113
453
614
196
113
912
583
583
583
255
704
946
704
416
255
704
196
439
704
416
583
704
172
255
416
255
416
480
196
704
544
839
255
416
821
539
199
186
153
208
186
297
208
539
348
208
945
305
153
734
408
255
348
416
905
290
255
963
963
246
640
255
290
781
398
781
963
905
123
905
255
77
77
544
688
633
781
544
688
481
1022
633
544
225
688
306
633
306
225
544
606
225
225
544
306
225
781
346
341
225
544
749
688
688
77
306
77
332
39
225
688
935
781
544
225
365
302
258
920
554
637
365
365
359
27
258
359
69
886
356
886
365
886
403
931
359
403
258
976
801
716
286
287
442
716
634
937
442
634
286
442
937
937
757
716
792
792
744
302
792
286
634
287
716
782
966
442
641
17
716
287
683
781
634
520
937
781
442
817
286
976
742
286
249
249
554
628
367
1023
110
152
735
318
313
628
123
313
313
940
313
152
1015
628
554
1008
998
152
313
265
747
152
554
367
639
367
152
152
318
318
241
376
712
81
743
578
712
26
138
376
666
712
666
712
712
241
26
666
376
743
666
666
666
275
666
376
806
712
26
138
376
287
241
241
712
26
712
712
712
712
917
452
990
159
990
337
699
953
159
29
29
700
1021
29
69
159
699
699
208
990
420
902
470
902
41
902
21
449
290
470
21
512
902
420
470
290
41
470
470
290
470
902
332
21
41
470
290
41
290
21
449
470
41
41
21
41
182
41
182
902
449
413
182
917
265
190
324
456
791
324
265
456
324
446
324
190
456
456
753
953
324
324
394
324
791
301
190
324
324
610
404
290
265
190
456
394
791
120
265
791
791
324
394
791
394
708
1014
456
791
190
265
295
732
732
860
288
288
701
637
31
150
144
31
603
722
732
458
458
539
539
732
494
149
539
538
467
262
969
153
538
70
891
538
488
891
467
153
538
253
95
46
634
91
46
153
153
438
538
153
467
46
70
46
153
467
969
969
969
46
891
538
622
70
438
438
677
677
671
671
836
498
138
498
825
498
671
498
517
138
867
775
138
388
677
853
207
853
138
498
853
207
671
527
919
214
677
245
138
207
783
657
634
152
634
540
657
44
540
152
540
439
823
348
152
916
657
64
1008
64
295
526
526
221
766
454
64
1008
64
64
64
64
1008
526
1008
296
997
526
968
997
64
64
64
296
180
513
180
296
997
997
295
296
430
295
180
997
506
297
297
266
145
297
796
735
145
724
575
145
609
145
727
735
727
308
145
724
589
735
735
796
506
113
348
528
528
528
1020
1020
348
950
777
348
993
1020
484
528
808
950
348
113
264
157
847
113
692
577
577
444
906
305
444
692
305
577
577
577
692
926
1001
99
432
577
444
285
195
444
926
305
305
577
508
577
926
577
285
432
432
958
305
614
444
577
692
694
314
696
577
249
371
929
595
759
651
431
468
382
929
1010
929
468
759
929
759
422
431
249
320
595
468
279
740
671
759
671
759
404
431
468
759
1010
929
671
929
431
468
557
684
771
684
282
684
684
101
41
695
924
101
684
924
149
282
771
101
684
613
684
557
613
101
684
999
943
695
337
924
101
916
491
705
508
508
748
508
748
748
748
8
2
2
224
748
748
508
508
508
2
491
581
491
508
947
509
302
771
235
235
942
976
947
235
302
16
947
302
947
302
971
508
942
526
321
771
533
947
235
302
958
302
235
947
476
771
971
610
302
735
971
533
302
509
947
836
430
854
747
430
804
854
283
854
854
887
854
430
489
166
489
489
854
336
283
489
747
887
558
283
283
887
711
166
713
711
747
604
