8192
21
27
639
93
839
31
11
26
631
698
570
570
15
24
129
217
17
758
298
42
30
989
525
674
184
899
22
54
56
1004
691
129
14
854
217
698
324
15
217
550
7
972
29
899
54
29
184
266
550
22
518
93
391
12
550
8
332
7
681
28
14
15
772
184
419
417
79
834
3
8
29
169
205
877
66
991
7
350
24
15
67
673
134
614
14
728
523
29
4
14
359
237
15
8
417
8
32
728
11
285
3
690
808
3
988
18
23
7
27
595
453
248
26
575
305
142
11
303
350
727
118
79
2
2
11
31
595
971
102
28
710
558
84
113
21
890
102
972
101
573
848
102
376
1
138
426
710
853
437
972
558
513
1004
999
853
15
30
890
589
11
11
953
5
102
320
921
558
143
716
118
224
224
2
8
143
741
749
522
905
689
5
25
890
7
428
4
143
161
13
905
224
875
588
497
497
889
20
194
310
12
201
1008
368
25
955
1016
659
190
1016
29
20
989
896
900
512
905
205
201
704
512
28
1016
169
9
960
889
201
879
853
588
10
842
704
368
889
1016
45
14
17
201
15
31
497
30
368
22
224
720
58
401
825
905
23
497
29
1016
993
993
17
809
993
446
387
31
387
12
545
2
545
225
678
494
26
306
5
620
841
515
841
558
276
15
606
17
852
30
963
611
21
897
179
841
20
24
306
55
2
14
387
927
3
367
32
852
22
863
367
28
993
809
181
28
523
13
1
727
911
15
367
545
28
388
13
6
113
869
576
348
781
742
31
781
233
639
769
18
585
260
24
25
768
376
6
390
28
5
349
755
639
800
893
512
22
990
349
163
936
25
909
32
869
349
21
2
741
944
639
857
255
372
781
21
318
909
9
260
990
9
755
781
327
869
781
20
505
5
5
832
426
13
734
9
8
31
2
13
650
134
209
2
505
26
27
195
561
505
31
51
799
195
13
7
23
51
505
134
153
277
43
200
902
633
3
11
153
6
17
73
16
961
51
23
123
605
25
30
9
30
976
23
902
25
871
24
153
153
153
12
9
88
11
22
665
20
896
173
278
962
470
20
381
23
6
22
354
12
173
6
193
199
254
19
778
10
314
855
756
121
24
983
177
441
510
381
11
14
839
778
74
305
962
702
199
32
259
21
121
1020
7
756
969
381
101
892
20
22
1004
7
13
16
470
683
273
768
13
78
31
28
209
217
824
546
361
27
26
768
295
567
88
17
361
361
768
1
361
10
223
78
567
730
926
783
10
9
273
567
567
981
824
4
526
768
189
189
11
806
189
316
16
806
25
78
4
709
17
952
11
644
644
189
824
14
829
2
415
468
416
379
12
24
32
548
5
125
20
18
38
1
859
24
7
370
342
13
24
30
986
880
554
150
577
67
29
880
701
7
701
742
4
273
807
241
125
6
544
379
125
7
9
483
9
174
32
30
17
346
880
379
379
30
4
544
573
13
174
20
317
30
690
554
31
864
7
625
142
834
29
28
28
682
379
842
694
17
687
687
845
70
352
20
8
834
864
728
586
70
87
24
379
92
596
736
1
238
15
379
4
420
338
979
728
736
682
20
230
782
31
379
905
736
687
596
87
7
23
9
365
14
283
782
28
628
905
17
876
20
513
30
21
154
21
321
15
463
353
7
19
31
327
463
321
472
606
29
745
14
5
17
153
10
30
23
848
30
23
327
413
174
13
154
1001
13
463
257
685
463
589
750
685
1001
396
747
4
685
8
27
472
811
15
524
27
21
294
685
153
154
541
845
218
24
12
13
21
15
848
336
831
26
9
27
831
370
3
402
831
347
16
22
608
608
9
430
218
8
68
2
29
736
14
347
1005
221
68
556
10
7
370
26
221
556
581
581
348
12
10
1008
8
2
122
518
122
966
194
503
711
122
848
348
45
16
22
14
248
231
24
9
998
6
634
20
537
231
351
7
534
31
5
231
32
3
534
20
25
29
718
32
352
1003
718
28
9
490
383
231
30
98
240
998
322
352
26
769
299
857
425
16
3
454
78
37
704
857
240
15
3
619
490
99
857
773
552
387
9
537
23
15
27
859
747
489
557
47
6
748
26
74
490
249
42
31
239
134
42
490
18
18
661
290
9
457
106
913
2
661
359
12
22
97
28
337
18
938
917
47
8
31
490
106
754
10
889
290
11
692
1000
683
557
4
557
282
867
3
20
7
135
334
89
680
1013
290
625
24
29
24
18
740
326
696
674
96
829
21
32
29
821
816
202
7
8
267
220
250
541
635
250
13
277
236
918
30
14
322
605
350
870
350
295
350
507
25
202
27
236
16
543
30
277
202
798
31
277
14
16
9
822
220
94
404
7
869
478
22
31
25
989
856
512
316
8
80
51
7
17
4
444
414
902
179
26
820
575
405
19
2
30
16
10
517
917
512
265
347
445
543
10
30
2
841
274
515
18
14
565
809
902
135
513
512
21
5
679
31
513
492
309
456
28
28
31
8
9
942
5
309
190
28
512
12
786
542
880
536
648
11
1015
374
12
711
943
424
406
635
295
73
22
18
29
29
17
767
11
845
470
2
711
12
29
27
7
21
626
907
602
635
6
533
359
355
648
478
635
358
621
580
507
28
406
711
885
30
159
8
880
410
39
263
838
24
5
10
24
621
561
25
307
606
814
662
814
261
815
460
501
10
945
353
670
12
853
26
16
662
501
566
945
183
28
367
986
17
19
183
27
815
686
22
9
18
853
566
11
261
4
11
704
702
28
606
727
1
93
727
13
27
501
4
26
167
70
28
353
566
853
815
307
993
6
722
986
264
157
28
672
836
21
68
340
477
327
571
68
26
802
672
68
22
16
3
340
22
821
32
500
32
33
240
556
207
31
782
58
30
31
207
821
706
12
18
480
157
594
196
23
821
31
16
8
640
25
17
770
910
844
15
11
245
698
594
793
596
802
208
575
737
13
713
626
618
987
343
10
665
28
577
13
664
830
3
427
28
379
930
208
1009
987
27
17
29
66
13
28
8
34
908
664
19
521
28
851
4
588
664
1009
510
9
22
610
274
244
4
379
8
1015
244
3
737
1
12
654
343
868
32
8
12
15
10
32
67
431
735
27
90
807
749
378
90
3
817
922
29
206
453
457
25
12
11
29
560
431
25
25
584
106
334
834
322
724
453
654
378
181
922
502
31
453
447
408
16
427
817
12
15
206
1
21
15
719
408
30
431
502
322
847
28
29
5
4
962
832
379
362
938
12
2
267
513
748
142
20
197
68
642
684
429
907
337
28
832
1
6
28
907
451
267
1
684
8
540
863
17
846
2
29
889
96
31
773
76
11
645
807
7
484
227
22
513
371
748
22
76
898
922
23
14
267
8
68
684
919
718
907
28
934
14
611
669
278
21
622
17
31
741
518
121
518
851
686
49
32
878
1008
45
344
2
508
561
515
12
924
737
756
518
121
525
60
121
5
714
686
21
21
611
15
828
102
24
14
9
561
17
26
416
278
12
3
1
669
714
300
49
318
175
278
737
668
16
81
174
365
28
613
798
28
494
12
73
273
6
5
17
22
567
702
601
273
19
392
216
4
154
354
392
722
31
494
32
354
240
5
601
29
477
25
18
216
426
407
26
31
240
798
924
275
14
426
797
569
326
401
22
26
601
2
392
601
392
322
26
354
22
511
16
562
562
730
1015
20
14
250
162
22
11
7
2
511
23
26
415
556
528
944
30
707
431
351
471
392
9
617
22
348
30
356
432
15
207
528
4
929
721
351
562
29
1
660
471
846
944
415
677
79
612
3
18
546
16
836
1
57
250
28
207
63
622
645
602
29
492
654
77
914
28
14
17
645
812
569
817
739
14
56
327
736
8
887
759
56
739
20
20
4
18
19
25
30
26
241
23
369
25
645
736
313
31
50
569
18
561
10
100
739
77
887
325
937
368
4
100
569
4
325
369
857
27
223
891
123
8
216
6
7
509
8
21
11
607
959
518
202
218
21
959
959
7
518
298
422
30
985
411
830
895
985
245
26
411
23
28
985
380
3
315
607
518
214
13
380
228
380
12
959
638
682
17
729
203
258
24
18
25
512
22
5
28
422
10
980
1016
11
1
932
9
678
24
540
534
36
1
699
766
20
157
14
30
492
959
243
584
23
996
13
1004
426
964
18
15
11
243
71
16
21
25
123
133
442
22
213
13
104
20
11
23
30
467
2
540
919
22
716
996
16
22
920
28
1017
28
29
1017
1004
919
878
71
924
146
878
22
17
902
955
351
971
10
24
945
148
13
563
176
1024
656
25
945
206
1024
360
803
10
18
1
18
130
105
974
646
204
955
105
196
846
291
173
19
32
15
565
15
360
13
945
955
496
835
830
830
22
955
26
924
835
12
800
13
10
20
351
27
6
26
351
30
20
375
32
102
28
24
14
233
270
20
873
102
905
533
6
1001
613
533
537
636
967
32
102
13
102
356
886
726
25
102
905
16
911
24
417
192
29
192
310
2
9
553
140
11
673
613
421
6
233
726
310
23
25
14
1
310
356
386
23
867
905
26
19
923
599
70
524
16
495
129
825
19
24
6
14
408
819
408
335
27
3
974
5
236
178
101
129
775
834
129
32
129
31
6
824
400
335
400
5
773
460
35
839
31
24
27
524
65
335
400
443
834
13
7
5
967
20
400
26
524
506
967
12
5
20
722
370
821
646
9
760
13
184
763
3
16
781
923
646
355
243
9
19
1
37
153
14
878
701
8
641
383
6
640
701
468
729
726
36
48
729
640
970
217
729
3
7
159
217
30
29
699
27
640
36
22
12
29
398
112
30
781
1023
180
923
2
24
19
328
781
12
22
767
217
309
586
238
32
256
945
763
447
7
31
888
87
447
541
581
894
13
28
347
466
789
9
521
18
993
14
825
581
845
447
839
391
742
20
302
10
839
188
845
5
391
521
30
337
15
256
718
894
961
391
338
56
43
474
12
13
15
9
32
578
532
21
266
4
6
990
19
988
6
198
23
20
505
27
433
223
183
17
586
521
29
28
469
433
820
520
299
24
304
523
129
3
900
13
183
605
521
505
198
589
4
22
2
586
15
990
29
275
502
521
726
12
260
8
11
40
260
521
321
2
651
860
90
11
25
19
12
13
19
11
29
996
386
386
996
78
58
21
322
12
11
8
16
371
1
552
3
552
996
130
20
737
30
371
14
6
661
301
1
78
935
249
22
196
510
247
878
160
32
31
935
16
592
996
26
706
543
32
41
1
13
31
596
160
249
1
231
26
29
3
564
264
361
382
764
164
993
786
5
29
652
729
21
18
652
12
255
15
878
3
849
924
10
22
14
1018
166
345
711
936
14
10
6
9
221
652
3
264
7
495
32
657
264
109
38
275
25
915
484
10
562
346
321
229
671
537
25
820
10
198
23
667
854
669
19
27
247
17
2
43
25
19
586
3
918
306
189
743
390
3
258
1
9
723
15
6
8
128
950
12
152
124
81
805
258
387
286
258
31
88
124
21
390
23
678
678
3
16
561
189
27
5
9
18
113
522
44
189
81
144
124
15
247
10
11
28
7
10
1
3
540
924
495
274
2
924
935
125
7
1011
15
160
16
3
29
297
16
397
748
166
982
183
8
427
748
495
106
924
145
534
26
125
917
8
365
615
773
140
38
106
615
577
503
437
30
22
317
11
47
140
5
102
106
21
11
437
980
13
24
912
748
22
708
418
900
10
21
28
945
955
627
2
850
25
376
755
168
908
584
868
917
945
755
11
30
584
850
610
7
781
424
369
6
7
515
868
489
2
716
28
1013
27
472
249
515
762
814
22
584
94
570
908
454
7
70
791
292
30
582
10
850
618
755
13
868
717
24
965
24
1
677
16
32
585
458
13
8
978
813
721
290
838
555
290
605
677
17
11
978
756
32
9
914
739
30
3
145
10
31
753
555
458
21
838
605
809
152
217
20
753
206
1
32
23
21
647
19
145
365
6
605
21
721
159
8
219
20
3
516
753
6
741
741
18
381
530
480
949
27
345
24
2
699
935
174
593
14
741
688
161
976
8
356
976
27
16
696
3
8
929
161
371
6
5
30
929
955
317
371
31
976
158
278
26
929
741
12
62
669
569
525
28
806
976
413
21
311
696
6
129
1
110
530
708
25
17
31
759
1
27
12
26
24
26
777
112
261
323
438
493
4
22
6
14
206
738
149
870
23
29
326
271
271
16
274
1
1016
763
323
11
21
30
10
8
12
14
21
12
19
8
4
19
195
323
8
33
8
750
12
32
299
26
101
261
659
704
870
15
9
26
35
27
25
1018
925
683
18
753
10
35
417
853
173
158
903
29
753
856
733
30
25
11
657
14
7
35
14
539
597
799
335
4
32
449
335
27
30
25
781
7
597
105
597
335
628
81
173
379
481
21
799
335
28
379
2
624
3
24
25
3
781
597
242
472
238
956
25
581
849
317
1
592
3
502
206
446
537
8
575
502
9
965
7
16
616
641
641
15
592
18
61
680
16
206
937
592
206
956
428
575
19
905
9
24
26
857
21
997
5
7
43
502
1008
1
9
20
937
137
103
15
641
680
30
128
592
17
423
10
347
11
647
697
719
409
30
409
16
30
895
24
23
21
445
3
423
656
630
12
272
182
368
3
12
842
729
32
409
898
409
445
3
79
915
79
999
259
842
17
697
435
605
3
869
726
429
809
842
4
656
3
548
27
670
445
11
347
272
311
18
548
21
833
17
368
14
316
899
24
164
20
562
722
19
672
28
562
722
283
636
477
8
909
205
10
722
26
307
543
722
863
488
796
16
330
17
1
580
580
762
259
363
24
32
952
275
4
714
4
580
23
562
205
467
16
6
843
23
722
863
842
608
31
891
722
741
23
791
494
9
772
552
18
495
304
15
597
413
671
11
223
32
524
413
934
9
853
153
741
329
27
179
25
4
11
509
29
15
5
671
878
143
32
495
11
223
495
524
6
409
17
43
15
521
178
962
436
586
8
494
13
408
272
43
5
83
143
853
98
32
539
608
120
608
968
273
90
897
29
868
15
746
968
90
109
342
27
426
90
665
3
352
273
273
10
11
443
868
18
90
25
3
353
2
927
997
290
32
11
21
1
25
917
868
539
850
963
90
273
963
11
9
682
868
9
241
746
560
587
539
487
6
500
42
468
248
15
2
6
622
312
7
895
908
18
764
12
28
2
3
4
599
30
847
977
823
14
872
26
31
709
24
648
189
424
2
76
5
581
710
827
16
8
764
6
823
394
11
599
843
3
397
872
20
213
648
31
10
339
10
599
11
548
872
25
10
384
641
549
787
372
46
917
670
716
46
853
338
669
669
204
669
12
208
654
537
22
436
2
372
787
803
22
61
25
18
18
102
641
356
311
887
9
7
602
356
283
372
25
273
204
902
32
26
273
716
449
28
283
670
716
23
273
30
23
283
5
803
208
775
520
243
299
609
223
248
12
247
126
43
32
437
931
582
14
258
437
22
16
310
6
537
5
30
258
248
18
7
28
660
9
304
463
160
7
463
346
19
10
16
17
158
299
23
21
921
437
18
103
103
6
85
537
103
437
118
309
14
103
248
437
569
6
17
28
469
4
10
1
93
93
469
273
207
23
16
714
16
838
838
830
1010
230
5
600
1011
23
12
611
14
93
592
490
99
573
891
4
31
112
112
1
93
872
872
264
538
19
682
502
112
11
573
429
3
573
801
1011
25
21
378
7
341
457
32
1004
11
32
112
705
100
16
422
101
783
15
16
844
195
2
730
975
26
7
24
11
30
6
141
364
586
421
974
182
21
196
9
19
182
18
141
24
32
236
647
32
743
30
750
101
749
844
149
908
149
16
11
20
814
18
750
919
730
21
26
257
719
145
19
730
19
814
25
119
315
804
610
182
283
73
136
396
18
166
494
101
4
527
3
136
283
27
515
672
16
476
623
36
25
166
18
455
21
73
860
30
65
2
396
5
31
792
804
672
283
4
782
27
860
21
623
860
284
20
31
380
31
796
386
380
22
73
11
3
31
176
4
283
5
981
321
244
2
489
9
17
759
182
729
26
442
107
1
910
24
288
90
136
553
489
17
363
840
713
643
182
427
22
112
29
563
11
1024
19
1004
5
107
8
26
319
8
894
21
973
686
459
770
12
2
459
789
459
6
25
415
26
910
948
459
894
4
487
924
24
576
699
21
441
32
740
438
612
417
15
790
19
26
653
455
417
740
419
419
576
22
628
82
612
26
118
14
25
30
912
13
465
27
628
624
681
132
17
2
465
26
20
24
17
465
176
226
7
656
9
740
334
628
653
13
10
820
628
153
862
446
978
493
332
280
114
412
357
22
280
27
6
604
10
749
2
238
736
178
20
332
11
280
604
863
32
570
17
27
11
16
911
20
570
492
626
16
3
604
21
5
4
280
1012
140
750
214
280
93
10
298
357
18
570
1001
911
321
4
93
107
18
1003
626
16
678
6
956
444
965
607
29
21
956
31
413
25
2
57
7
30
17
2
10
511
894
30
483
75
7
13
198
956
17
9
266
135
142
137
231
965
535
198
31
91
3
261
91
52
394
198
145
18
1019
2
572
607
511
197
349
956
965
607
8
879
81
718
965
24
956
8
9
514
217
1019
875
44
23
274
148
675
1
917
456
18
7
5
32
9
738
21
215
916
30
15
594
10
158
8
385
2
116
11
958
388
438
6
4
7
348
332
19
24
348
13
739
12
15
24
8
407
967
23
74
922
18
274
18
239
634
8
771
739
849
6
874
6
14
467
396
202
1021
882
21
1021
952
952
147
163
15
1016
16
956
1017
147
646
388
489
202
202
147
496
1016
18
17
12
894
2
15
766
501
642
13
30
496
912
498
323
976
554
6
119
202
271
467
1
496
10
956
1017
4
7
17
880
299
24
30
17
596
543
12
9
372
669
114
32
573
87
855
125
107
1006
16
21
669
642
214
372
24
21
214
426
329
812
1
31
5
593
14
18
166
626
372
855
21
373
593
13
545
348
630
191
3
857
339
375
812
125
20
543
30
9
593
27
7
13
569
31
910
26
93
669
214
542
567
32
716
669
1002
8
127
437
223
437
565
716
604
12
14
908
387
1002
11
681
31
761
516
28
260
387
974
392
438
768
974
565
17
604
1
604
24
4
614
1
502
1002
835
230
97
591
1
974
30
222
289
908
2
768
387
914
565
7
29
8
666
29
13
112
5
550
708
982
609
283
758
27
5
112
283
421
992
10
28
758
314
29
9
618
803
558
587
758
14
337
468
708
251
871
982
32
550
708
29
618
4
16
284
982
17
12
693
8
12
982
6
14
609
904
128
609
877
27
618
9
573
12
558
91
13
20
296
30
698
12
349
650
557
22
266
94
311
23
601
9
349
24
650
814
728
503
3
153
931
27
503
17
908
780
10
135
927
28
931
22
557
16
17
23
18
261
389
344
586
682
8
601
931
362
11
323
35
523
16
927
868
16
362
503
784
239
5
608
30
23
736
31
32
320
64
839
31
7
17
200
64
19
696
948
389
771
629
904
170
3
32
206
673
389
904
19
200
5
904
703
15
14
734
11
348
20
29
308
360
238
17
389
996
64
82
79
752
703
12
437
22
739
389
866
17
7
77
17
422
28
29
134
24
839
20
852
8
983
174
28
340
12
316
398
33
13
999
33
139
28
806
20
973
2
260
151
33
8
414
12
558
174
260
22
151
33
831
583
365
667
822
270
164
24
4
6
21
646
33
730
627
234
340
10
937
627
10
260
10
20
19
365
28
431
316
516
827
583
260
737
20
300
4
29
20
530
915
126
229
23
381
10
20
843
681
953
16
30
22
819
229
31
681
858
5
974
3
187
229
229
236
27
899
437
194
692
488
229
208
692
692
25
16
928
410
31
819
681
239
858
692
196
520
17
208
19
689
899
126
692
351
915
953
488
7
704
22
149
475
558
797
204
558
482
127
71
26
577
3
340
745
645
149
340
24
475
204
625
645
2
472
745
704
559
15
529
2
17
9
4
482
577
417
704
152
204
852
7
7
26
6
1008
417
645
19
11
2
92
307
14
29
482
71
482
127
472
888
15
233
872
14
137
723
24
81
777
32
626
626
371
24
524
225
518
518
518
18
28
137
555
836
29
7
5
26
579
22
358
13
29
626
555
28
102
524
22
1012
116
52
49
116
239
579
637
14
7
836
1
191
14
358
225
823
191
21
473
142
16
858
18
12
21
909
10
474
2
14
19
31
16
605
201
237
24
6
31
2
16
605
578
126
25
973
605
208
17
605
668
15
192
716
973
605
6
161
480
973
9
308
973
415
12
415
9
22
192
827
41
90
22
568
534
605
987
78
25
5
763
237
41
10
518
480
877
5
15
609
538
534
18
18
11
9
352
8
448
534
355
58
478
503
27
503
25
19
29
7
8
534
832
644
2
503
19
399
613
448
304
12
16
21
93
503
389
5
1
26
534
24
55
5
9
50
1023
13
27
14
304
29
25
130
338
55
559
765
7
6
16
399
586
335
928
92
394
211
253
864
2
354
11
232
176
7
329
30
15
903
6
604
15
15
228
329
232
686
986
29
22
800
934
134
864
966
15
228
663
6
15
176
624
176
3
16
660
5
253
604
211
176
317
21
22
20
586
198
228
10
495
198
29
12
329
176
23
601
515
108
31
249
126
173
31
450
49
988
351
477
544
474
797
3
6
601
515
473
339
174
544
7
638
47
249
18
17
16
8
126
968
1011
956
474
27
25
322
2
371
25
6
642
20
22
975
30
988
16
149
262
25
6
566
126
126
43
439
18
533
20
653
257
880
367
94
22
740
486
600
8
653
483
94
8
7
29
94
1011
18
690
880
824
684
143
29
600
128
86
600
26
3
367
20
4
748
635
31
218
600
23
880
880
100
251
690
165
27
798
11
23
690
128
24
19
31
251
100
152
429
8
653
79
706
8
549
115
620
737
499
111
1004
14
29
456
499
797
69
17
14
620
30
454
16
454
302
16
931
3
19
835
22
475
977
265
456
922
499
11
1
115
18
13
21
859
1018
365
38
115
549
302
27
464
21
25
307
1
519
265
21
454
519
2
381
671
379
19
365
15
7
550
13
695
118
63
13
902
225
768
15
91
27
10
394
24
375
169
583
409
169
695
219
375
14
13
169
893
725
725
10
21
1
222
27
768
1
983
550
219
550
222
118
63
982
446
512
796
9
796
328
22
6
159
902
512
590
464
776
18
18
318
695
409
562
19
621
8
28
819
574
574
695
15
396
624
791
264
6
574
574
552
939
212
1005
4
286
880
2
264
227
840
7
15
5
264
722
1
244
22
748
349
779
32
14
370
6
926
19
301
31
929
579
144
264
866
2
349
779
27
4
742
10
572
974
27
1005
1005
408
738
659
178
465
889
270
709
738
387
489
11
15
15
220
28
435
6
738
178
352
6
220
19
24
635
54
324
62
24
187
7
777
10
14
303
190
1
489
23
785
26
260
3
465
465
11
489
634
178
11
6
3
25
757
324
618
811
1007
32
178
146
387
157
375
925
2
739
254
579
378
1000
713
510
764
25
673
1013
38
17
9
254
369
73
15
744
771
764
375
316
16
689
22
636
73
15
25
925
35
689
25
10
678
187
994
28
23
673
890
29
113
673
9
4
1011
262
744
187
375
168
782
636
13
88
941
10
100
168
23
16
28
457
14
472
363
9
961
16
28
421
30
152
988
522
231
25
812
575
954
211
711
3
457
7
22
812
988
10
859
103
8
730
28
32
19
106
12
211
166
26
457
32
3
880
902
988
990
468
954
13
29
211
5
32
408
228
880
11
254
26
28
152
776
60
20
944
179
572
25
851
543
851
20
882
572
784
11
144
846
846
944
14
28
689
4
1016
162
293
657
4
287
485
10
971
971
10
5
29
657
944
63
657
377
22
293
293
749
463
851
13
107
668
628
891
971
850
642
808
827
478
8
683
543
19
107
13
137
191
902
6
953
2
649
953
606
20
15
1013
562
991
426
645
2
426
17
371
588
153
296
609
7
8
609
899
14
21
11
953
12
649
426
914
22
12
125
228
651
624
24
649
19
18
433
606
21
7
400
649
345
228
588
825
14
296
725
569
725
14
48
26
917
458
821
154
284
5
2
2
273
350
25
942
15
20
685
917
17
3
468
4
991
9
601
685
458
804
757
15
1020
1012
252
821
1020
284
839
468
284
350
601
917
771
2
6
16
154
7
941
164
12
458
962
158
685
273
14
21
279
21
821
1012
123
1020
894
516
25
5
1014
27
21
224
707
7
498
763
555
501
19
1019
31
21
14
9
35
403
992
934
242
723
17
28
2
2
12
518
11
24
3
35
712
11
520
270
19
173
986
883
270
2
237
744
403
934
723
231
402
11
23
1019
172
493
25
902
29
883
80
493
5
9
302
32
961
170
662
550
414
716
111
302
14
888
22
973
866
716
369
237
647
973
7
412
187
23
32
3
134
889
592
888
16
771
888
617
27
3
716
187
196
53
18
583
24
1009
302
922
686
592
757
139
388
587
816
1006
282
6
27
649
752
15
4
973
956
780
405
1001
983
308
11
813
405
615
956
34
30
24
364
29
904
284
23
57
9
823
22
405
12
277
312
4
4
983
646
27
405
29
112
284
331
785
739
568
331
956
813
374
5
329
106
11
16
940
30
637
849
24
20
19
18
57
277
374
277
329
22
232
277
341
777
14
30
832
851
485
4
276
529
120
290
29
26
13
467
485
7
677
218
794
794
211
2
218
778
778
832
800
218
837
811
290
594
218
26
721
27
28
94
438
502
724
315
39
4
379
640
777
87
15
290
677
26
677
12
510
17
28
39
811
504
972
589
18
396
2
136
935
15
29
15
11
386
224
13
453
24
2
21
370
581
10
12
431
17
224
31
3
15
32
32
359
325
95
8
12
778
27
15
20
3
30
778
453
733
787
31
19
778
599
276
11
577
343
928
23
404
955
13
224
3
19
386
3
368
368
782
136
663
763
22
27
12
113
415
663
20
528
780
14
7
24
19
663
528
23
3
1
531
358
20
302
15
341
8
358
873
699
7
357
21
586
663
873
4
12
611
663
365
541
156
113
421
151
531
317
485
842
766
113
1017
8
92
32
936
12
19
1008
232
670
349
618
200
962
9
200
1
1
353
150
30
250
432
548
16
655
31
716
237
250
432
502
60
167
31
23
325
16
990
857
568
432
283
8
574
613
990
23
553
432
951
167
242
200
7
958
548
432
84
187
484
353
990
734
846
242
620
26
6
11
912
17
5
36
842
18
29
11
566
941
5
521
29
32
28
136
17
258
28
3
560
18
508
7
640
720
560
19
27
28
426
9
69
13
322
891
477
258
303
517
30
626
4
1
22
517
645
23
120
426
258
18
387
25
136
503
891
134
891
19
5
1023
626
10
14
136
611
1009
274
81
961
713
634
21
31
9
494
38
6
556
494
26
491
1
123
634
22
634
5
24
278
634
29
739
482
300
17
287
482
22
28
17
666
286
286
3
681
28
15
330
4
286
497
300
240
1
13
748
646
17
100
397
477
646
27
497
533
859
287
127
22
482
384
10
223
24
3
26
442
223
495
292
490
505
17
320
223
311
22
9
714
13
5
889
21
4
454
311
737
405
3
30
495
868
862
168
457
846
311
442
22
31
2
198
685
442
495
223
224
27
490
1023
168
4
29
1
198
656
29
22
1
29
320
32
3
31
456
432
459
25
924
226
856
566
651
924
17
12
5
63
30
6
155
580
19
932
580
555
199
491
555
303
10
226
873
63
845
198
155
83
21
54
449
63
63
4
856
18
26
580
12
11
349
4
306
20
20
856
63
841
293
18
935
256
580
724
199
155
555
7
721
724
593
847
404
1003
2
27
690
664
28
766
1020
91
16
293
756
389
148
181
500
1003
744
999
906
382
213
181
7
1003
68
636
11
911
756
844
460
760
27
13
26
824
22
382
16
707
643
349
828
22
403
2
12
30
126
23
12
181
12
1
1
29
663
859
28
842
23
342
610
458
746
649
5
638
868
10
342
690
22
10
300
483
423
9
20
389
649
826
499
29
53
168
342
649
23
1
192
592
7
118
342
312
16
20
1
915
20
32
569
19
649
610
476
476
561
13
592
12
300
351
499
24
4
529
31
561
22
985
778
3
23
917
55
215
29
16
215
32
19
24
244
906
459
32
216
215
10
20
941
13
473
459
958
12
18
5
499
574
1012
366
10
459
459
917
417
28
215
9
499
1012
12
19
974
810
743
840
17
16
25
55
28
810
327
30
216
917
1012
12
294
22
736
772
29
18
730
445
276
9
1020
966
4
20
620
966
322
445
5
30
209
180
18
703
19
17
717
174
794
660
297
622
15
730
379
13
28
1006
620
138
26
22
147
210
319
209
998
3
1
471
717
338
107
209
1
362
22
209
760
703
180
319
966
730
6
3
214
426
18
877
948
18
989
905
226
972
11
8
110
948
587
143
1
889
371
226
889
577
590
272
11
544
948
14
6
22
587
790
371
245
1
31
905
8
226
590
21
882
948
272
889
493
1
26
654
28
13
913
882
164
1020
371
245
654
30
14
948
4
913
371
948
18
948
937
391
29
120
919
31
632
160
948
170
12
31
32
391
200
253
597
791
919
30
814
30
391
757
734
650
8
181
10
4
457
14
22
6
149
929
331
1
887
4
4
434
374
1
838
516
160
919
615
944
7
170
170
374
19
1012
22
743
562
256
13
149
944
757
6
532
8
385
5
25
766
773
8
29
972
712
770
441
385
32
287
27
441
819
24
489
121
22
7
702
489
374
24
770
13
16
27
1007
19
32
262
996
24
26
385
489
6
374
776
14
17
807
583
712
213
20
262
637
6
263
604
433
133
374
818
819
13
946
489
26
1009
31
239
4
20
2
31
725
106
2
24
29
286
22
7
112
624
24
312
5
311
320
262
286
5
18
211
15
560
560
5
563
26
560
10
3
399
15
245
33
416
851
100
560
766
10
286
19
8
26
10
11
548
13
9
419
8
816
587
560
9
898
312
97
394
31
30
6
595
187
12
3
1
30
30
26
7
24
890
285
531
28
21
18
21
21
11
455
71
285
2
902
514
304
22
732
19
458
965
879
29
115
22
11
44
6
71
7
28
11
222
528
17
16
304
5
528
345
9
31
285
415
22
732
30
187
455
504
982
428
8
270
219
683
98
537
921
191
18
22
534
503
18
408
461
1
598
368
489
24
10
932
239
191
3
581
15
113
239
368
239
887
1013
6
14
503
733
509
19
98
45
537
490
733
345
191
509
581
832
13
787
509
489
862
1
98
14
787
345
170
191
626
32
31
27
140
26
757
140
233
685
78
464
7
16
987
310
795
685
626
768
4
2
30
935
751
20
762
7
273
10
572
989
9
812
610
795
140
27
21
475
25
233
685
5
23
360
32
4
16
845
492
364
7
685
21
612
302
4
28
12
572
269
78
16
382
21
753
207
640
21
22
18
21
91
479
31
382
663
527
91
351
13
11
3
6
778
306
19
412
3
19
778
164
939
621
939
635
28
19
11
556
31
8
358
23
663
190
306
22
635
17
18
1014
230
299
393
382
609
534
758
201
778
23
660
778
941
499
11
3
139
481
144
556
283
11
9
556
567
231
11
15
109
701
470
810
283
13
17
10
1
10
180
31
231
9
570
28
14
549
357
939
241
699
30
556
6
234
15
24
274
251
596
144
18
938
176
728
72
29
144
12
28
481
231
725
14
564
24
7
180
251
144
28
386
901
258
258
223
967
606
28
21
974
221
678
209
9
253
14
852
15
2
240
212
6
421
5
282
604
601
365
534
134
67
8
16
833
738
732
505
19
967
382
3
19
421
562
732
6
212
3
22
17
282
770
134
649
926
1
650
11
30
67
678
2
678
591
847
342
716
9
11
13
490
8
828
30
11
106
28
3
163
342
750
794
31
479
957
828
17
488
25
32
716
750
756
746
294
18
2
84
479
10
294
342
604
32
891
657
332
22
488
1021
1
716
22
594
16
828
29
479
752
753
657
294
828
342
20
479
570
556
545
620
70
14
540
1016
814
734
620
26
545
207
26
403
31
22
911
345
581
345
13
24
617
723
29
5
25
276
21
696
734
21
421
114
1016
19
417
734
188
30
209
403
734
915
740
200
20
403
426
375
29
12
375
15
26
17
375
696
734
740
723
858
572
30
943
3
502
581
253
268
26
11
216
8
722
21
217
30
12
547
552
541
16
859
257
263
261
704
27
80
69
257
23
1
660
20
489
684
7
581
150
17
1
29
859
232
581
20
18
578
18
585
552
23
2
32
17
660
681
241
581
684
877
3
219
22
10
32
28
21
23
29
571
23
829
32
30
550
747
319
616
472
536
43
11
8
43
647
24
616
26
853
5
92
211
114
186
836
472
319
26
921
359
9
198
543
331
647
6
550
26
22
48
59
10
906
206
472
331
421
200
43
966
449
28
359
12
225
853
7
6
443
24
12
976
720
443
215
290
970
11
860
290
480
14
1017
758
581
309
758
93
593
908
593
12
758
22
945
480
221
173
15
538
860
480
145
593
335
9
16
480
116
845
967
908
5
14
495
343
480
845
12
334
791
806
593
18
24
4
28
13
849
15
889
21
838
32
13
6
718
620
733
216
30
14
624
620
756
718
322
26
308
491
1018
805
301
14
620
682
718
9
5
183
9
805
550
945
17
620
505
1010
16
586
173
23
782
173
994
26
3
5
67
756
486
791
850
9
491
9
550
21
756
718
32
173
13
6
22
945
2
305
61
1017
14
952
555
774
1
916
404
197
608
8
675
572
39
12
22
305
274
19
759
45
29
436
10
394
12
834
26
834
256
21
23
896
936
140
22
394
292
20
405
4
6
10
4
834
921
169
274
169
355
17
11
4
890
717
774
31
3
29
3
197
948
300
713
357
28
1
767
4
21
28
3
24
9
24
357
751
1
1014
3
8
832
8
2
524
24
10
479
244
218
457
26
713
837
742
26
55
119
17
1014
20
192
10
767
410
357
30
11
809
767
24
489
907
23
446
8
20
1014
11
396
9
837
20
12
713
507
9
31
756
810
1005
20
507
27
236
1005
644
1004
694
965
840
470
30
12
12
529
470
20
20
1007
1001
12
26
100
21
965
317
4
297
15
470
572
17
4
20
19
470
32
1001
524
541
241
287
14
19
100
11
710
21
373
100
930
564
955
541
454
118
1005
875
1
19
1015
355
355
313
20
103
103
29
228
13
5
582
641
641
694
347
596
13
372
694
641
15
744
372
641
820
11
980
777
336
118
336
29
50
355
5
683
25
23
690
26
166
1015
3
745
3
5
317
372
355
363
745
20
25
1015
26
4
960
547
696
49
972
691
24
275
664
6
664
9
10
691
857
350
3
997
389
691
6
372
857
344
588
30
25
247
26
8
3
350
15
12
857
221
1022
922
7
31
327
691
19
11
588
27
790
33
6
372
393
786
3
327
384
679
61
691
28
61
26
247
327
47
16
30
588
691
17
467
622
493
32
29
10
319
178
467
723
199
718
329
28
435
956
322
723
24
16
19
25
655
493
493
199
134
467
726
959
12
329
513
776
646
572
498
256
3
320
906
887
498
641
832
178
199
5
879
13
442
11
32
226
77
6
9
20
135
25
16
134
17
11
795
691
15
853
1003
230
9
871
5
32
686
11
628
5
331
853
12
495
680
10
96
20
535
653
879
954
961
248
574
444
32
959
533
293
961
444
27
628
827
8
411
312
27
14
411
795
691
533
6
535
752
151
666
341
11
440
182
140
9
958
795
324
20
585
774
951
50
26
17
634
2
936
32
36
1
8
105
639
366
48
880
936
21
31
8
3
759
14
22
19
17
375
23
4
782
131
18
584
375
634
709
31
709
345
436
30
314
634
652
18
109
843
302
270
21
830
50
294
31
25
314
15
8
20
253
568
19
25
814
624
22
782
22
624
23
16
695
839
15
438
10
29
368
19
723
796
15
716
11
794
622
19
392
28
839
10
100
426
13
31
3
114
114
13
100
112
490
368
782
694
3
716
593
120
881
593
116
23
838
782
716
407
821
22
368
838
782
9
26
4
716
14
289
5
27
47
30
1
13
21
259
27
13
880
11
999
663
1006
25
639
2
663
31
564
641
999
27
284
139
11
834
13
504
377
27
413
917
2
307
16
492
651
22
885
162
488
814
834
16
31
7
2
47
7
208
492
29
22
27
758
162
427
492
311
19
917
912
22
4
539
1
589
361
4
8
9
599
17
30
188
600
196
569
259
4
17
905
7
65
2
25
1000
400
10
599
14
8
531
32
1000
486
446
486
11
40
599
786
15
2
663
564
447
541
844
896
21
400
988
14
264
10
14
14
7
717
67
600
18
895
20
545
491
53
12
545
689
100
491
669
602
491
350
36
650
36
873
902
904
142
306
337
22
950
491
15
350
966
21
2
36
15
491
28
650
5
761
7
36
221
734
851
297
350
939
10
753
23
943
1
952
906
21
10
1
752
1
761
9
24
545
761
619
36
549
373
953
373
21
970
432
963
526
414
894
8
1013
584
626
436
843
17
11
373
701
20
9
27
22
768
956
177
505
584
373
98
31
8
789
199
789
13
24
551
317
117
894
45
713
414
32
636
708
22
15
12
117
10
981
526
901
8
17
436
322
708
20
199
23
