8192
35
260
45
291
43
537
34
43
299
25
30
287
286
17
519
220
304
554
784
296
269
549
793
518
47
274
33
295
116
38
1019
41
43
261
16
553
46
268
797
973
554
214
285
452
556
532
48
38
802
23
521
15
273
332
807
6
57
262
34
775
19
214
35
811
412
31
242
14
363
1012
70
799
517
182
11
156
3
369
523
266
36
832
6
293
32
549
532
152
541
288
968
135
332
22
270
508
223
11
261
801
523
778
298
282
15
66
524
551
129
12
91
293
388
62
277
110
295
24
12
769
3
44
36
32
268
291
190
153
277
259
543
443
95
944
42
44
781
37
48
286
46
26
779
258
292
805
44
5
777
288
295
36
30
21
99
17
6
46
47
432
39
559
180
440
317
484
13
41
7
176
281
45
513
610
814
267
526
8
267
304
17
525
43
282
537
533
494
31
45
359
82
267
812
266
13
782
11
300
274
391
31
276
2
272
429
289
420
796
713
227
269
170
519
34
291
842
45
270
35
303
2
27
16
529
7
772
11
290
592
38
29
265
15
12
696
79
9
549
70
41
523
370
173
771
9
267
814
48
419
834
27
11
283
778
509
4
200
6
40
283
34
258
139
47
276
536
45
531
302
557
303
13
178
22
164
30
12
283
759
19
530
543
4
455
29
145
33
464
17
328
481
27
149
29
8
811
775
46
110
268
46
301
37
276
809
46
536
298
756
100
17
36
114
20
210
545
526
559
31
812
3
1020
820
334
35
977
280
22
515
280
5
7
13
5
270
34
605
605
518
2
295
2
11
14
337
292
283
214
25
48
5
15
14
35
85
171
113
778
127
40
467
6
532
35
780
13
95
815
556
46
27
24
7
23
7
528
17
538
524
530
278
518
296
48
13
17
513
22
46
547
43
5
389
464
300
105
41
807
13
510
540
283
294
550
42
1
45
25
43
268
280
275
36
22
147
16
261
513
23
412
8
57
297
529
589
44
797
816
33
273
530
549
34
259
29
791
266
532
268
270
290
300
783
39
295
268
36
529
17
780
285
8
271
518
15
395
782
11
770
271
300
788
540
550
299
944
278
290
24
16
284
772
11
541
22
9
170
31
785
304
257
770
188
380
344
1001
44
395
24
266
200
304
35
813
47
915
780
48
244
290
159
38
18
29
1
39
33
478
524
297
438
301
296
62
635
21
270
48
20
547
596
794
268
276
248
4
559
36
296
539
12
808
540
537
299
302
274
290
158
771
19
459
277
8
346
155
787
304
21
41
678
17
788
108
142
643
20
29
257
536
271
399
35
79
958
199
4
40
28
292
544
45
25
41
300
288
78
807
298
185
290
2
964
295
279
3
473
831
390
812
47
301
3
526
263
20
274
263
268
288
555
320
281
39
69
286
273
527
24
29
17
763
395
275
6
802
12
61
167
789
386
303
282
538
27
227
526
33
26
8
10
281
25
469
989
358
1
276
25
28
396
514
24
269
95
263
295
8
266
261
27
277
39
41
301
550
10
35
8
43
38
23
28
1
179
519
27
279
11
527
277
1
552
243
278
282
286
41
29
776
901
261
163
773
39
266
283
14
526
60
22
265
260
260
47
550
446
104
287
37
785
48
43
276
816
259
285
291
299
38
523
295
383
280
10
548
296
9
272
471
24
16
6
2
551
38
319
288
4
31
335
1
260
807
360
258
297
752
810
271
6
228
552
12
290
41
34
11
318
530
520
12
303
28
826
47
262
35
291
40
813
273
6
14
44
33
783
7
206
266
33
282
803
8
29
18
267
17
548
300
10
11
809
260
169
5
287
260
9
286
520
272
31
267
8
504
292
418
439
40
470
47
809
410
725
69
509
146
293
273
510
482
579
16
158
277
487
806
14
265
771
275
164
301
260
256
964
298
42
28
21
45
659
23
298
358
38
299
263
815
149
288
6
304
803
304
12
495
793
7
31
270
304
18
858
33
36
27
47
268
422
516
44
542
41
274
294
45
14
53
32
276
771
79
397
411
530
39
282
20
32
29
33
449
300
301
15
32
39
257
40
84
13
545
270
288
290
32
1
111
808
326
550
537
772
33
34
29
133
803
298
520
6
300
261
520
18
518
518
776
83
29
46
78
8
30
23
805
24
16
8
297
41
18
307
631
270
697
16
793
118
420
519
200
461
138
288
788
14
46
297
595
279
497
303
290
13
271
27
297
777
269
28
516
348
272
297
1
223
9
433
3
270
946
105
2
283
33
209
539
301
45
30
8
535
43
729
35
36
523
16
798
532
771
70
21
3
806
20
273
184
68
11
264
514
422
35
304
270
48
804
39
193
24
280
815
25
209
45
18
284
777
115
303
41
20
246
290
303
19
27
12
145
285
521
258
278
560
496
24
762
703
20
47
548
292
554
156
17
1
14
552
428
283
299
299
268
290
526
545
403
31
15
527
55
286
542
294
284
16
23
20
288
291
560
2
525
294
271
742
11
350
46
525
537
127
241
39
686
187
7
128
785
22
264
267
4
37
40
274
14
20
39
34
346
278
264
547
252
14
282
23
8
5
16
273
772
520
524
16
903
9
27
9
262
13
514
52
38
799
36
289
19
17
450
295
34
271
329
42
21
18
13
25
288
297
25
82
960
915
412
790
16
276
191
263
567
288
541
37
775
22
35
166
16
25
501
515
7
243
558
299
687
126
4
772
3
273
38
181
446
546
14
2
263
27
268
262
17
30
10
471
541
257
274
261
471
42
796
130
286
39
102
12
272
753
271
179
29
377
263
287
530
526
3
272
297
24
39
271
811
559
257
352
287
244
554
498
11
28
276
970
857
35
224
92
292
38
46
520
43
269
45
514
2
3
35
113
530
283
186
25
515
520
14
295
276
792
35
28
265
294
291
37
526
349
257
35
2
414
796
18
45
480
19
298
24
295
45
300
698
7
9
281
16
30
13
13
503
816
15
6
4
793
277
39
720
273
275
325
550
312
26
259
295
22
14
277
17
180
284
533
297
34
11
552
13
770
596
22
43
296
706
263
358
539
17
47
808
277
516
25
318
259
706
367
435
739
30
524
801
272
303
9
294
295
4
271
2
20
40
516
287
100
219
3
48
11
4
295
526
48
277
275
289
689
290
538
787
273
831
21
653
98
545
14
46
39
98
59
283
298
20
46
7
36
289
163
285
270
34
262
40
262
805
38
47
63
38
2
663
18
6
17
472
804
11
285
30
258
285
108
294
357
8
38
546
18
795
45
125
535
27
303
15
171
806
39
262
285
552
41
1
32
37
48
39
13
537
270
257
21
271
797
480
272
261
201
547
33
297
295
274
348
799
279
7
62
296
304
268
110
284
293
801
46
41
15
28
20
221
298
8
452
802
22
294
1
41
44
285
20
302
429
549
113
798
268
48
24
234
560
769
254
13
270
291
29
759
852
174
257
270
288
40
47
43
5
299
545
46
45
525
522
266
618
294
35
14
291
290
791
501
293
792
25
298
284
786
46
99
27
657
41
303
233
35
787
45
25
17
553
22
276
45
3
264
271
293
10
12
18
266
266
295
299
35
514
263
306
3
222
296
9
44
288
39
25
282
801
523
406
43
783
11
23
770
44
776
48
461
546
4
270
277
298
24
532
19
17
514
303
339
21
357
297
243
42
278
26
1
532
31
921
26
269
271
267
540
5
303
289
303
39
216
553
290
535
1
549
148
3
17
558
14
520
17
303
303
535
40
811
264
35
44
12
16
794
10
27
532
311
302
12
17
264
773
284
548
3
279
28
670
24
534
282
266
243
27
267
270
560
165
539
33
301
13
795
28
299
47
302
793
1
29
125
262
12
792
527
1
728
46
263
81
45
37
201
169
281
21
381
272
19
48
287
60
22
523
13
303
12
46
47
39
321
465
45
29
303
892
68
294
693
119
46
15
734
257
126
772
45
277
301
20
783
283
523
44
46
544
1
22
6
624
809
300
34
31
496
422
39
17
41
261
276
264
263
13
294
32
77
35
279
284
31
289
45
365
261
31
281
268
6
547
577
524
271
338
38
183
26
793
153
18
11
241
280
299
275
522
49
812
297
263
268
30
434
261
15
893
554
285
296
19
779
90
26
36
460
33
3
520
288
22
789
767
301
13
26
23
522
48
292
28
281
285
302
286
276
31
2
35
495
295
550
541
298
446
212
253
265
56
386
294
452
542
509
20
799
429
538
14
795
288
515
532
276
303
293
798
17
406
28
41
30
45
33
276
31
851
324
542
41
551
257
502
18
31
433
527
237
46
21
778
504
5
94
778
60
26
656
15
537
22
25
27
286
507
126
179
473
32
277
269
529
268
8
338
451
678
630
301
17
21
25
263
555
120
276
352
248
557
13
41
48
3
398
37
293
550
259
289
279
794
81
268
782
522
53
515
10
28
780
304
37
27
45
528
210
666
34
799
42
157
43
803
825
27
621
790
30
33
785
13
479
283
272
10
548
285
32
8
19
48
39
259
12
288
792
420
529
27
188
45
285
443
452
775
281
549
43
48
215
15
48
806
22
157
304
970
841
534
4
781
6
17
267
804
516
259
45
18
289
39
514
265
775
815
283
631
30
186
41
797
262
542
282
43
15
31
296
26
20
32
32
362
28
699
274
560
761
10
781
87
298
449
516
815
33
30
514
777
19
277
58
35
6
884
22
525
41
529
40
265
13
954
25
284
13
236
266
279
28
19
774
145
450
257
552
22
12
4
3
29
281
279
32
39
301
799
7
39
94
233
24
526
270
277
273
517
45
18
272
29
12
777
30
553
13
276
783
540
525
42
45
40
278
12
6
26
398
302
548
337
24
65
5
39
2
270
281
269
497
539
13
33
177
363
26
23
438
539
772
14
290
251
35
89
48
267
32
311
6
538
30
684
299
277
543
243
43
248
513
775
158
311
431
275
514
398
39
535
12
407
559
335
558
296
1
34
30
268
45
17
259
788
278
46
1
551
940
528
48
272
27
811
296
22
25
21
25
43
297
80
191
156
296
274
1
16
293
810
191
999
298
30
30
788
815
229
261
277
520
274
264
319
31
25
521
25
311
7
399
816
526
10
32
40
780
20
5
792
41
44
47
271
347
352
44
4
261
268
630
48
34
13
103
6
225
273
14
541
5
774
21
289
257
42
43
3
288
280
699
303
257
268
238
17
259
47
143
29
267
17
10
234
20
135
39
20
472
36
250
153
6
256
954
22
431
3
282
789
18
295
264
535
12
26
283
522
286
467
185
26
528
13
45
298
238
785
271
261
304
203
36
40
972
20
293
17
292
741
530
790
24
279
11
294
84
302
138
502
15
81
560
28
285
533
806
543
3
295
13
289
939
571
796
36
541
276
298
542
1
260
815
291
300
492
531
2
45
32
16
463
40
532
146
19
515
43
555
45
371
7
262
23
532
541
523
35
289
42
429
398
530
696
41
265
7
277
498
42
275
23
257
29
296
6
556
5
4
775
534
47
268
3
3
29
21
122
48
293
3
11
41
8
25
290
260
544
171
291
8
278
373
769
291
781
47
289
275
300
228
288
513
262
10
23
924
46
150
779
8
201
1
35
528
238
130
19
268
20
12
823
294
721
717
77
274
777
17
295
797
31
39
300
3
261
791
532
138
444
36
715
551
9
266
179
11
4
310
41
295
21
4
303
22
550
339
39
46
47
27
394
10
7
51
151
381
23
555
630
674
14
27
295
559
115
533
28
801
13
808
300
273
19
7
499
784
21
540
257
10
2
258
559
555
26
538
756
809
422
24
38
522
6
24
14
34
779
9
21
302
342
218
533
29
39
41
781
523
11
511
25
25
18
798
3
279
41
555
201
13
16
31
27
345
68
5
1
223
786
19
543
97
301
78
513
811
260
163
285
554
792
541
262
47
300
46
5
280
547
36
995
551
27
551
46
517
531
32
515
282
540
558
23
284
240
258
521
284
204
274
1
286
36
94
533
811
22
24
1018
54
166
37
285
212
266
345
275
13
552
36
57
281
299
258
796
283
9
298
542
526
2
298
1
782
499
34
300
36
14
74
808
804
515
45
288
278
34
804
521
47
40
286
2
46
269
534
13
53
16
8
43
259
769
649
246
798
466
544
281
300
537
268
273
451
375
8
19
553
689
19
44
203
14
545
18
35
779
301
39
460
14
558
428
12
777
524
306
277
432
127
276
618
282
36
266
296
274
299
122
36
517
805
277
540
27
13
1
267
9
48
262
319
10
13
294
276
3
295
29
48
19
789
5
4
36
867
13
184
276
44
153
770
670
29
17
289
435
493
16
482
553
18
297
29
516
17
4
148
257
787
474
40
304
48
271
559
46
179
294
34
3
30
742
523
4
374
43
756
283
808
298
4
300
22
280
302
12
514
523
810
558
560
680
293
14
815
285
39
16
134
258
956
28
655
32
773
286
275
524
559
669
267
22
300
548
286
542
554
265
283
12
272
812
790
146
274
546
303
558
541
45
36
243
501
37
132
21
543
18
823
806
550
47
486
528
270
32
813
785
178
39
248
217
167
789
263
528
18
39
265
276
272
25
779
266
136
113
258
48
467
11
279
6
552
534
782
282
107
29
516
259
562
37
32
261
23
164
27
788
21
264
676
277
291
542
531
526
14
525
127
12
25
15
52
546
287
630
299
837
21
6
33
28
771
270
26
296
17
587
26
542
262
268
291
37
776
289
286
42
657
35
11
291
559
23
784
107
184
274
268
533
525
288
288
38
638
36
190
258
281
27
279
505
157
11
271
400
558
549
185
807
262
261
671
539
20
31
274
46
782
548
40
1
303
265
203
948
34
715
6
10
280
39
328
300
661
21
133
298
348
560
21
132
560
183
18
560
5
810
23
533
805
557
28
303
733
23
29
45
468
259
46
24
279
286
4
45
3
24
12
56
335
281
804
22
299
77
556
243
780
289
810
64
521
256
352
269
291
533
40
519
20
365
48
803
772
299
26
8
8
793
532
257
787
19
285
89
404
302
525
31
120
42
784
379
253
263
170
526
299
41
265
21
297
105
46
294
302
829
40
31
815
541
649
117
156
12
35
304
15
1023
296
45
37
164
119
33
290
14
549
302
303
293
41
874
9
48
531
531
242
801
37
2
634
195
31
544
716
26
25
289
545
677
6
799
10
315
787
172
804
22
273
18
281
30
7
43
267
21
278
567
551
811
64
38
540
799
387
26
28
35
2
22
161
88
273
43
45
810
34
43
193
33
771
290
16
25
44
19
278
294
280
283
516
291
806
240
21
269
167
545
300
659
523
792
27
304
541
269
791
13
268
34
30
20
468
279
268
30
147
261
34
10
28
128
242
10
13
36
805
7
11
30
809
366
35
23
28
289
12
795
604
779
6
37
998
258
324
360
546
275
4
445
577
29
4
95
701
274
288
3
517
284
277
13
165
9
48
3
520
118
777
43
348
400
370
15
20
208
343
749
80
220
24
288
538
302
143
261
513
458
278
10
496
12
298
630
267
66
37
294
273
771
7
560
21
2
6
296
32
26
25
269
17
46
24
156
269
58
20
537
266
23
527
8
33
523
11
17
473
368
772
283
15
612
517
274
22
10
1
37
261
303
522
535
122
292
6
506
16
8
529
32
259
278
6
292
266
278
25
301
46
276
501
45
40
906
3
689
258
303
289
35
32
47
519
547
115
48
559
273
79
273
800
8
21
33
38
795
8
31
286
769
26
800
294
10
484
257
653
4
289
12
293
302
2
291
947
285
39
680
226
552
263
303
514
272
272
80
44
17
283
304
883
5
566
2
590
88
539
277
266
266
2
120
182
22
279
10
296
535
72
367
42
11
780
479
813
232
273
760
12
294
34
36
520
339
279
787
812
285
294
339
29
25
19
45
272
257
3
527
728
553
42
15
517
259
265
15
7
99
5
16
38
33
788
30
778
519
547
276
109
1
295
288
266
798
37
47
782
298
813
42
288
17
782
270
935
811
784
281
103
257
302
278
289
201
557
47
12
288
298
262
73
39
515
275
23
292
58
33
10
287
276
291
271
754
9
791
116
409
961
652
292
28
267
794
36
259
35
301
268
235
264
207
44
520
554
456
29
260
10
5
1
117
272
15
264
160
296
43
6
184
220
2
268
37
523
28
12
803
41
343
265
764
39
338
399
276
304
193
35
269
40
475
36
524
11
526
621
526
294
397
524
291
17
323
36
11
4
48
258
17
542
724
47
446
793
279
533
519
13
11
244
798
271
39
41
35
21
411
547
70
357
517
298
281
283
22
296
25
207
290
809
530
115
656
13
394
1
17
45
32
300
546
297
17
298
16
287
46
784
216
19
549
609
557
38
635
267
598
48
544
35
27
323
231
13
282
35
2
477
48
267
522
816
386
57
300
43
438
19
559
6
26
36
35
542
18
952
36
155
20
23
237
275
806
372
44
551
279
82
798
38
24
30
288
782
809
29
244
38
23
36
556
808
546
963
555
22
272
259
776
14
290
502
202
87
558
20
215
17
558
14
1
29
132
48
266
813
173
421
294
35
1022
443
709
43
29
538
3
284
624
185
300
780
531
278
659
107
676
5
802
296
811
25
266
270
280
20
20
544
44
270
349
405
47
466
341
19
296
287
593
8
27
33
806
794
560
277
174
29
38
20
290
402
46
284
560
23
795
191
28
70
124
33
29
25
277
289
21
18
48
283
283
41
32
319
23
2
805
162
17
258
36
10
260
8
547
22
268
38
534
99
758
285
21
4
307
44
58
17
290
549
808
36
557
30
34
10
279
84
300
237
282
12
38
771
776
544
296
145
48
798
428
31
23
877
75
31
555
521
68
25
287
47
492
3
45
46
638
27
159
312
252
644
15
27
2
46
71
13
40
22
550
43
596
281
9
121
809
402
31
267
729
43
1
40
37
84
28
294
36
210
272
800
28
11
21
634
284
529
773
16
932
17
527
293
284
283
554
532
294
264
796
312
593
559
513
5
138
144
35
807
809
300
481
1
7
206
299
17
37
9
118
811
59
545
30
263
267
803
9
806
297
30
266
276
290
290
5
520
45
35
13
278
830
289
271
12
22
8
10
32
262
424
184
542
26
29
15
282
892
34
194
555
268
296
28
508
787
276
527
529
280
259
272
301
26
5
36
300
41
125
515
42
296
1
178
515
25
297
6
156
514
262
737
290
26
14
48
816
26
302
139
14
468
258
3
247
26
37
438
291
20
177
275
46
792
294
236
40
559
20
518
769
16
7
279
293
526
17
16
268
61
785
816
124
266
269
27
281
318
36
800
299
38
394
297
59
41
522
167
789
281
47
135
284
42
384
23
15
274
24
26
108
36
558
277
263
15
134
282
90
275
7
290
273
379
12
14
34
108
331
34
95
256
549
518
33
270
370
33
518
287
23
285
302
257
260
531
1
247
963
187
57
274
44
16
4
536
3
279
273
292
266
542
261
320
44
965
40
39
20
261
28
37
640
259
775
291
549
4
526
557
532
528
761
43
105
296
10
1
262
203
33
281
365
284
527
14
527
12
275
745
22
9
165
266
792
37
278
3
557
270
542
27
16
790
32
33
269
274
356
271
26
575
296
265
293
551
557
4
810
70
790
304
20
908
24
37
774
278
797
798
138
150
499
47
17
264
40
725
638
814
781
502
784
286
14
198
39
424
29
260
48
263
11
66
20
45
546
24
7
12
23
276
46
780
417
28
299
8
171
43
44
278
5
163
264
810
538
263
769
40
34
279
19
303
30
11
953
498
520
18
799
31
287
35
42
3
8
424
807
29
513
282
522
544
526
21
809
884
26
267
39
673
524
449
799
5
87
18
527
627
259
308
282
304
513
16
27
260
277
276
6
5
35
271
285
292
296
287
31
48
34
16
186
5
276
16
940
274
279
282
350
127
187
43
25
282
238
30
184
117
530
13
808
26
21
375
2
812
32
29
12
187
414
272
31
522
275
804
10
544
36
115
39
23
454
276
406
546
290
539
23
804
271
9
965
186
544
46
915
8
26
921
46
303
271
302
5
789
19
766
303
125
260
163
534
473
8
780
8
517
165
259
285
24
546
290
551
34
47
296
101
31
20
276
801
274
3
730
32
41
37
373
10
41
259
525
799
523
558
739
152
661
516
522
60
15
331
805
217
302
276
292
22
815
302
531
11
3
12
33
541
557
252
275
294
71
5
47
772
5
475
1
27
25
286
276
6
652
534
428
313
517
14
558
282
108
278
555
269
34
590
283
583
267
803
163
83
29
517
285
779
302
280
3
7
13
286
514
304
36
513
296
303
279
556
543
803
773
298
548
258
541
279
813
30
297
6
10
275
298
5
163
210
121
290
288
767
8
919
21
17
45
22
275
3
30
790
34
816
296
271
42
920
422
962
121
3
26
35
5
279
449
287
514
537
274
26
15
21
3
42
3
25
503
649
35
556
559
21
46
516
269
280
24
543
532
48
46
554
43
44
42
5
537
295
769
275
28
24
299
483
86
297
31
794
780
48
529
551
252
132
586
265
533
290
352
775
304
257
48
32
273
875
782
287
277
284
117
35
107
280
538
461
529
47
730
43
341
5
2
816
264
798
47
296
803
265
55
300
816
195
538
685
20
19
577
465
794
326
29
106
285
262
33
207
288
522
12
44
529
85
538
525
522
804
257
44
537
792
36
291
617
281
284
284
796
514
296
9
38
28
541
22
597
279
542
13
17
27
270
282
440
535
545
806
295
518
9
296
167
291
86
544
20
545
800
308
233
268
439
563
18
110
517
503
285
39
8
293
530
279
257
790
21
1000
292
3
42
287
9
10
536
524
528
292
524
15
20
16
783
48
261
291
391
548
257
126
24
50
302
192
770
289
11
227
35
528
43
771
792
30
514
29
9
286
304
101
20
303
288
2
9
284
786
407
32
42
38
107
261
38
21
30
289
487
23
795
3
258
72
784
265
198
519
39
65
26
10
749
45
94
281
19
35
282
290
55
524
20
269
43
792
93
234
294
43
284
282
13
294
46
266
307
13
296
113
298
46
292
706
33
1
988
271
778
264
9
148
23
523
40
336
276
397
16
23
279
76
290
404
538
3
1
5
270
408
430
40
9
4
257
43
13
210
45
797
553
57
21
16
496
811
29
2
266
42
19
527
293
282
587
37
112
222
32
452
518
465
190
43
296
284
259
16
524
19
284
611
790
273
228
583
14
277
25
372
492
33
43
800
14
19
267
273
9
668
20
141
25
291
258
16
135
33
790
37
268
17
40
274
32
738
269
6
476
519
437
167
299
550
791
279
35
171
287
525
275
814
15
22
26
794
16
42
35
976
797
595
20
810
293
284
37
514
147
552
544
796
37
963
25
194
117
15
533
772
19
32
67
274
11
13
22
34
304
150
27
278
33
386
5
515
281
29
41
531
47
513
50
533
266
6
796
28
20
208
21
301
3
529
18
344
557
15
27
186
278
810
140
411
8
600
796
260
263
275
31
299
12
301
276
1
44
33
294
813
262
34
3
11
30
48
20
293
29
789
304
282
76
759
536
258
1
293
57
263
120
519
16
41
246
546
38
548
6
40
799
806
366
25
211
44
952
526
260
515
201
15
6
6
283
5
264
30
794
496
805
116
11
864
48
288
44
36
298
36
210
16
279
809
21
41
23
258
514
295
46
266
263
257
187
281
258
548
527
774
25
14
786
541
302
545
299
286
19
776
548
42
31
511
292
723
258
33
337
259
220
554
41
4
790
46
264
858
4
171
24
302
18
800
25
64
811
291
669
536
796
774
343
287
288
557
540
548
264
18
302
779
46
523
18
47
706
299
12
22
8
3
20
378
519
535
28
44
11
268
263
261
676
40
5
29
549
2
32
208
112
291
268
978
771
304
303
47
42
28
38
11
104
19
198
20
140
300
776
37
271
796
797
10
290
20
519
31
319
284
96
654
38
30
291
283
448
7
3
241
802
258
533
547
547
394
79
288
626
507
297
9
291
520
282
30
27
42
771
54
409
50
236
778
275
12
799
554
33
268
790
520
790
38
521
23
282
257
552
543
48
266
2
778
503
263
6
237
290
241
903
48
515
348
46
292
32
259
47
40
531
551
518
223
707
797
71
547
4
270
736
8
19
535
33
18
467
519
293
7
257
24
88
20
38
553
539
263
36
260
53
522
7
285
295
274
46
362
22
28
257
969
32
300
815
866
45
304
41
244
146
519
792
45
535
262
503
295
535
434
17
11
12
47
777
32
269
792
47
1
9
313
47
100
29
295
291
182
897
289
52
299
23
258
383
541
17
48
302
514
421
777
25
24
333
194
541
277
40
293
11
515
41
27
40
315
14
135
807
13
111
23
351
431
9
9
299
48
769
521
292
300
287
515
15
503
34
541
53
260
484
271
6
347
518
21
7
284
271
786
10
291
42
270
12
534
85
5
27
198
786
29
264
292
151
530
30
31
266
303
14
523
39
865
463
15
21
293
8
270
70
111
22
273
31
547
478
517
794
3
769
265
280
302
816
301
158
811
807
267
33
41
284
5
39
261
376
788
418
34
33
786
261
276
168
17
405
38
794
529
296
777
554
41
301
502
10
303
278
267
241
492
285
272
534
273
313
803
406
260
79
16
302
270
604
554
258
13
541
768
976
17
285
274
21
37
302
790
299
265
296
773
275
301
5
14
277
267
47
502
3
772
398
259
294
776
8
187
303
14
781
6
334
6
263
228
631
29
293
34
802
295
298
218
846
269
775
24
698
31
26
490
296
26
378
39
223
558
13
46
52
21
24
557
878
554
461
24
3
296
25
282
808
15
297
48
557
260
45
791
45
406
2
13
617
326
30
248
29
30
230
27
41
22
535
299
36
291
28
269
798
9
774
38
281
332
202
81
271
20
815
16
550
518
526
4
529
810
16
257
34
778
88
533
23
814
270
255
283
22
301
36
774
263
536
41
806
46
266
303
268
538
295
100
22
36
475
301
281
267
45
293
291
13
786
522
48
799
554
20
522
497
261
793
14
385
493
2
412
269
287
576
275
777
81
19
539
17
541
259
10
85
257
539
27
39
258
613
298
796
295
257
16
23
515
802
839
236
4
291
810
9
20
12
781
790
4
287
20
13
18
283
3
535
46
31
37
783
907
996
5
30
16
35
518
31
600
19
45
2
334
41
988
173
528
287
272
8
268
276
211
262
302
32
520
613
297
128
4
212
43
25
26
36
260
284
530
287
270
287
27
711
45
16
197
268
769
359
557
442
10
109
685
1
784
288
40
406
285
264
2
27
41
669
19
555
282
1023
258
277
27
547
516
26
302
808
145
110
269
45
295
312
41
576
315
287
546
14
277
116
6
536
41
921
807
261
32
267
539
298
18
298
12
260
99
295
296
812
198
36
45
12
295
163
24
482
21
26
174
28
2
32
30
551
839
7
256
553
286
39
284
277
2
81
41
228
281
266
783
291
14
47
1
1
304
40
333
282
803
76
26
812
123
259
262
304
494
32
558
66
3
8
38
273
106
1005
187
48
545
550
534
27
328
295
523
271
295
285
2
36
548
774
545
47
22
759
33
586
452
334
261
18
42
290
9
33
545
365
297
515
15
526
83
41
16
795
273
291
6
262
267
48
266
80
12
539
816
19
3
258
10
810
47
542
771
552
532
40
853
9
527
716
273
758
20
304
371
786
278
19
22
184
688
530
27
191
31
24
2
302
35
536
535
222
29
257
518
143
262
117
32
287
42
347
297
79
259
18
526
303
302
43
515
542
797
786
791
291
9
547
12
258
14
38
539
32
518
281
282
27
261
282
272
292
39
28
816
387
780
276
12
509
296
30
21
42
13
44
23
21
41
7
525
195
279
627
40
458
545
27
40
112
29
7
296
284
203
544
262
37
492
43
9
32
20
297
381
550
281
12
543
27
304
263
30
530
25
628
28
25
4
38
13
39
26
30
266
443
429
809
285
1
18
797
65
33
552
431
272
26
288
281
547
167
286
517
40
43
22
553
48
272
52
271
407
434
20
838
22
32
279
194
284
455
43
10
487
283
522
8
295
10
536
1
800
347
272
554
260
12
274
291
523
500
15
763
549
153
542
801
782
15
48
618
272
542
263
4
536
24
14
9
525
492
549
43
24
234
34
48
784
263
293
517
2
43
32
193
19
298
258
805
784
431
22
779
300
8
288
788
123
283
178
558
795
18
36
228
303
34
274
802
533
42
771
534
771
46
792
289
232
18
546
36
534
277
15
287
653
15
266
263
24
265
536
691
810
45
45
27
21
398
815
730
537
274
65
622
975
515
33
560
272
23
273
640
15
562
227
535
188
2
22
27
773
529
37
152
32
333
543
517
805
523
553
438
40
538
303
258
345
43
37
5
16
28
12
535
358
12
521
282
259
4
262
7
273
268
543
4
277
773
6
407
13
544
779
105
810
31
523
520
18
14
31
44
912
298
38
792
44
812
297
810
97
7
276
527
90
287
782
275
272
277
265
31
301
607
628
806
36
267
297
294
949
283
4
527
294
250
3
301
529
551
513
273
9
516
284
663
261
260
41
479
809
286
380
293
564
258
704
296
173
8
142
304
262
554
258
301
269
16
185
17
19
590
775
21
36
9
15
448
296
798
257
182
543
385
33
560
34
11
278
415
276
519
328
262
409
39
792
37
897
748
403
34
28
446
666
795
516
274
157
541
560
721
260
553
535
781
803
36
18
81
2
299
479
812
553
10
62
1
801
771
261
86
7
25
830
833
257
382
15
491
40
35
268
29
529
399
789
258
410
1006
265
260
161
37
804
537
36
14
4
550
260
265
266
23
25
20
285
29
43
527
277
778
515
17
274
278
296
528
40
95
5
274
7
46
521
296
318
556
29
794
460
521
3
13
292
286
272
504
107
872
266
40
269
304
97
526
280
413
277
535
281
39
8
21
804
300
20
195
281
2
215
302
261
272
386
528
33
783
233
276
344
11
797
523
285
96
41
534
7
21
536
290
313
298
504
788
42
33
36
6
280
772
516
285
518
46
260
535
513
725
644
299
295
289
471
21
299
733
461
26
47
23
45
785
536
4
937
278
159
22
299
48
43
794
240
2
951
268
277
810
9
365
20
289
422
139
289
290
520
41
282
403
5
48
98
285
472
41
311
806
814
25
24
43
83
273
11
283
293
11
1
527
5
949
117
266
482
50
518
143
16
43
29
8
280
545
294
31
15
304
787
303
336
300
61
15
36
674
36
8
38
28
18
259
1018
15
254
244
3
14
774
910
34
541
43
32
268
28
25
2
274
37
286
1
31
358
279
801
33
28
556
9
407
259
300
25
807
23
555
774
708
552
545
266
436
46
325
11
273
266
42
37
229
31
550
257
10
804
38
10
798
44
423
775
789
27
672
783
18
893
297
736
785
867
262
348
36
8
254
28
219
60
455
292
517
442
298
985
261
577
847
266
281
179
14
273
34
229
304
560
778
30
47
280
22
10
265
601
420
15
4
527
258
13
30
28
546
29
2
49
18
260
198
3
212
556
48
521
29
257
272
802
211
546
25
26
288
615
36
285
214
297
43
16
20
11
264
33
20
30
294
539
292
15
272
4
18
283
544
37
910
47
1
257
772
778
40
413
553
299
2
873
560
35
16
8
146
419
783
45
441
258
10
524
795
535
15
25
29
33
296
263
797
111
38
10
43
38
277
47
449
39
532
295
278
257
31
413
41
47
375
284
803
285
294
36
544
66
722
34
35
18
34
584
287
34
546
810
107
21
452
348
777
267
34
320
59
808
774
545
278
522
20
875
287
644
304
269
271
401
21
520
560
546
804
22
9
285
299
783
269
20
262
539
287
38
304
10
295
279
32
518
35
30
34
26
291
7
521
264
44
784
9
541
269
4
262
2
542
20
3
211
6
521
548
26
284
270
63
804
229
526
773
277
23
538
269
948
53
38
793
290
686
527
176
21
37
24
272
294
173
20
18
170
1
550
515
22
7
265
28
260
267
45
779
301
769
264
9
255
1
329
263
37
770
773
12
791
807
799
342
547
23
24
272
276
45
804
931
313
288
20
150
19
546
19
20
8
620
516
273
544
31
556
295
19
12
8
551
10
674
457
8
257
296
65
352
524
181
200
269
522
64
46
6
269
534
302
24
17
811
532
535
536
64
268
107
359
3
772
643
47
40
276
173
26
299
268
270
628
29
288
292
13
12
196
522
231
27
259
11
9
27
28
483
274
26
553
18
282
12
16
27
966
555
543
293
29
47
42
279
268
268
297
292
44
33
5
548
9
277
300
257
14
539
292
576
301
483
270
484
37
795
546
773
219
44
298
552
412
259
23
259
552
801
168
37
27
41
283
523
339
266
543
774
573
27
490
286
141
938
292
771
341
770
33
25
1
282
815
782
304
527
43
21
300
4
710
789
26
549
42
55
384
186
477
45
529
10
14
10
256
277
539
20
44
300
271
133
519
257
60
28
537
518
145
466
22
1
182
788
278
797
301
22
266
279
298
16
277
304
291
182
270
290
24
270
8
45
28
23
31
535
518
33
46
21
792
32
48
260
932
6
9
31
300
103
277
260
14
268
257
301
525
302
261
285
48
655
3
25
284
526
21
532
2
30
521
302
263
829
434
593
356
280
713
300
42
505
4
947
26
317
780
266
34
300
806
14
284
534
778
39
271
45
4
303
287
70
32
545
12
837
240
38
32
6
144
139
523
304
995
8
520
520
283
303
44
47
942
405
922
266
18
548
30
300
262
548
3
36
21
31
289
339
545
558
260
300
17
6
19
5
5
15
273
7
90
12
292
259
489
549
260
497
812
3
27
804
19
115
4
261
799
532
46
14
201
802
288
46
536
24
40
276
35
799
772
815
289
283
12
31
106
787
531
294
259
535
517
287
515
280
265
287
42
430
288
36
800
525
216
490
287
44
37
945
338
289
288
14
28
304
40
275
541
476
529
821
280
282
7
3
9
513
772
728
276
547
202
3
35
797
4
41
40
414
519
280
524
420
161
220
33
536
7
17
100
570
36
264
43
788
795
530
46
511
154
291
9
261
27
302
302
38
107
30
279
41
482
1
280
39
44
257
802
23
586
547
29
293
727
154
30
260
380
19
1
523
283
4
534
20
439
28
514
28
35
17
35
43
37
28
4
285
29
344
271
25
8
39
544
31
702
569
294
11
12
731
778
40
773
166
12
802
14
27
290
278
303
37
267
134
267
297
129
40
301
261
297
784
226
549
776
214
544
264
619
279
277
36
2
962
522
273
287
549
745
527
37
35
47
5
43
43
32
21
27
39
302
286
258
335
297
543
114
810
808
7
275
30
290
20
18
9
883
284
36
20
514
15
544
802
287
34
292
558
38
44
22
43
800
29
287
3
41
274
13
375
525
286
905
513
283
23
18
290
35
266
38
13
261
9
64
151
66
120
785
790
8
46
32
785
48
262
281
105
600
199
303
148
35
267
25
278
16
543
13
543
43
41
1
283
303
279
43
22
794
93
805
288
556
68
23
232
42
934
37
638
796
29
147
270
389
40
31
456
295
110
516
213
41
21
517
798
518
560
273
534
21
38
38
107
294
152
14
301
137
283
14
295
974
281
185
9
514
800
288
718
263
35
47
293
5
13
222
233
180
12
19
261
48
43
514
644
270
33
264
2
300
160
24
530
14
151
270
295
43
392
29
552
4
521
783
12
265
268
302
523
10
651
257
23
442
560
38
37
23
285
554
560
33
271
4
772
37
88
255
43
290
844
89
314
39
76
520
301
261
299
2
41
45
517
24
48
805
700
771
34
310
275
4
815
123
549
7
43
279
789
28
306
518
48
1009
286
259
82
4
907
535
285
290
266
286
4
288
295
539
634
266
800
2
7
224
519
295
31
292
679
286
774
7
540
263
280
4
14
139
34
8
789
299
3
5
525
34
261
431
48
27
188
260
46
788
322
586
42
870
38
520
40
99
68
557
541
20
13
28
49
303
781
269
46
283
45
349
44
526
565
261
298
21
550
34
29
271
125
295
441
302
177
508
154
279
40
521
75
280
31
40
800
37
30
36
42
578
23
294
432
335
11
49
39
23
200
34
16
40
540
6
787
555
113
267
10
1016
33
20
555
286
552
390
284
792
27
32
814
27
527
805
19
4
10
545
119
31
464
259
787
514
47
303
297
230
808
774
261
555
289
20
265
275
18
27
258
48
27
524
42
8
525
291
27
810
814
303
261
805
268
17
559
291
295
1018
781
285
281
19
31
537
35
770
447
517
267
25
794
467
35
5
276
483
16
6
270
298
42
15
8
20
35
17
546
18
809
8
281
492
292
289
27
548
43
24
163
270
16
519
801
88
421
303
479
480
32
286
749
343
13
769
516
281
262
40
46
42
552
9
266
278
40
14
3
514
48
12
70
129
559
2
129
301
295
289
348
292
22
514
282
543
8
529
515
264
17
261
278
291
36
274
15
20
42
796
20
348
419
551
505
37
471
13
1
261
282
29
1019
782
263
36
524
536
800
527
293
45
542
435
38
513
529
626
790
16
6
34
451
93
26
492
41
290
277
35
16
46
545
33
303
554
40
513
23
107
1023
262
277
31
15
276
40
6
1009
33
37
275
43
24
19
97
23
20
814
