8192
518
517
513
519
527
529
533
532
693
701
700
705
713
713
717
724
632
625
623
620
515
522
516
517
516
512
515
514
517
520
519
516
515
515
509
504
166
116
110
110
103
110
103
104
102
98
898
846
852
860
852
847
850
851
854
853
42
441
447
144
148
143
147
146
151
158
247
255
247
242
656
660
656
152
909
903
905
911
913
919
927
924
489
491
713
436
429
433
432
266
291
892
886
885
880
878
874
872
867
865
858
863
855
1004
1021
1020
1021
1019
1023
1
620
613
611
609
603
337
336
328
333
337
334
338
332
339
334
337
334
335
249
243
237
237
234
236
240
239
238
1003
1004
448
558
553
821
827
593
599
606
146
148
939
943
937
933
927
929
931
936
935
927
920
927
931
932
929
924
927
723
730
725
828
835
498
493
501
508
502
510
508
500
497
500
506
742
738
740
739
742
734
43
46
49
51
56
63
59
67
75
73
76
84
85
92
90
95
93
89
573
576
26
24
21
24
22
15
7
4
164
1022
1021
603
602
609
609
612
604
611
788
783
84
80
86
86
91
91
84
76
71
79
76
82
84
445
450
442
434
442
445
437
442
440
439
438
438
443
443
447
454
459
461
502
790
783
351
348
621
625
618
625
620
1
1024
1019
282
279
275
272
272
275
983
985
704
710
702
710
709
707
711
714
488
493
485
481
482
482
476
477
476
478
486
483
448
442
446
449
452
457
461
456
838
60
68
61
57
49
42
802
800
805
800
557
561
569
564
165
162
164
165
165
170
172
674
682
685
687
175
297
294
649
656
663
657
663
668
672
666
672
389
943
945
949
954
219
217
213
221
153
157
158
151
156
892
884
499
464
457
464
462
459
462
458
454
450
454
454
456
449
456
440
436
47
701
694
698
704
702
699
696
701
696
690
684
683
679
678
681
674
676
72
64
62
893
889
889
888
916
920
928
926
928
921
904
910
907
904
906
232
226
228
224
218
932
937
378
382
385
387
395
391
399
885
887
274
273
452
209
61
64
60
499
495
493
817
809
811
818
822
852
973
978
976
981
985
989
992
866
862
860
862
860
852
857
861
868
863
857
865
873
293
286
278
281
281
888
885
885
893
758
804
646
650
645
639
645
445
550
558
554
548
997
995
921
926
933
939
946
599
602
601
605
610
361
359
361
355
185
177
178
367
365
365
360
360
367
697
702
168
628
631
624
623
621
614
606
608
611
608
613
614
607
615
310
312
309
308
315
323
321
318
318
315
313
316
310
18
17
24
27
34
41
207
208
205
462
457
464
469
466
471
469
461
455
298
293
292
294
685
838
845
841
844
845
840
843
847
849
842
841
838
846
847
956
812
819
591
478
481
477
483
486
522
673
640
634
627
628
634
628
804
811
622
616
796
939
938
939
932
938
931
923
1
1017
1009
88
92
60
66
73
75
78
71
75
71
857
865
241
331
331
198
200
668
670
669
672
591
592
591
225
221
228
235
231
14
865
873
125
131
137
143
879
873
62
212
220
118
114
114
612
611
604
598
598
594
587
589
583
589
583
89
93
91
93
95
100
105
97
94
92
854
849
856
859
699
303
295
303
301
293
288
992
984
987
993
470
478
476
471
73
71
65
60
57
65
70
77
85
79
359
523
525
524
119
804
798
804
805
958
961
966
967
579
584
579
578
571
569
48
43
49
47
48
53
59
57
55
59
56
53
47
11
5
9
608
607
196
197
189
186
178
177
176
169
177
181
189
193
852
857
856
848
332
324
326
320
315
319
320
320
322
314
317
312
313
312
979
977
978
978
896
891
894
894
899
399
396
391
387
608
616
621
615
619
615
621
618
615
608
611
693
406
406
413
415
87
774
770
771
765
772
774
767
766
759
308
422
427
432
429
141
140
139
134
127
134
221
218
216
210
217
219
227
231
238
533
533
536
262
256
258
265
258
263
258
255
258
250
258
358
351
349
350
347
346
347
350
357
365
373
87
86
161
156
156
152
154
158
162
160
1013
1011
1011
1008
1006
999
1001
411
417
411
957
959
953
954
949
955
957
957
492
330
332
762
762
755
761
763
767
772
774
767
760
761
763
771
768
41
49
46
52
50
52
484
487
491
493
404
400
404
398
396
87
91
95
489
848
855
855
847
702
710
708
710
706
707
1020
1016
1023
3
874
874
870
863
913
552
546
546
539
542
536
538
537
537
543
350
672
680
676
678
684
425
188
183
190
197
199
204
681
684
51
42
42
43
594
591
595
599
597
598
592
593
588
584
587
959
954
950
948
952
947
489
847
844
70
67
73
78
79
80
77
76
643
639
773
835
911
906
907
911
909
904
903
910
905
899
894
893
891
805
799
798
801
808
809
816
824
827
104
98
991
994
989
984
988
988
988
987
989
982
990
996
988
819
826
545
549
555
559
565
509
503
498
490
490
486
489
456
451
445
439
436
432
432
693
697
704
704
702
702
703
109
114
115
118
143
445
442
436
398
399
400
397
398
405
620
617
609
617
734
740
732
736
148
154
151
155
161
154
162
161
158
161
974
982
980
974
978
983
165
171
171
173
173
169
170
506
510
505
501
493
497
504
509
516
511
507
510
510
893
888
161
155
315
320
323
315
311
315
314
320
314
318
321
224
217
695
691
690
682
675
671
676
677
681
673
668
672
669
664
672
669
671
677
433
427
435
437
690
695
47
39
41
36
29
26
22
29
24
18
20
12
5
10
15
23
27
34
42
39
46
51
47
53
54
54
59
63
68
898
899
894
897
890
882
881
2
690
686
682
258
261
256
251
253
245
245
248
248
253
880
875
874
987
985
983
975
976
981
757
686
680
675
676
680
688
693
685
735
733
726
722
727
748
70
74
81
74
69
71
653
33
33
40
34
37
41
33
663
668
662
668
675
259
261
258
252
259
256
257
259
255
248
242
671
676
680
677
677
674
682
686
693
21
1012
1010
1006
999
1001
1005
670
675
679
56
49
48
53
1024
1017
1015
1010
1011
80
88
85
477
472
476
480
473
848
855
858
859
858
853
853
848
668
673
681
688
684
691
694
694
701
695
701
702
689
621
623
618
726
718
721
726
734
887
889
886
337
341
342
340
332
329
324
323
315
311
536
532
525
754
757
760
756
753
749
742
748
743
879
887
883
878
885
879
323
322
319
319
322
317
323
330
323
315
323
956
948
943
950
957
965
965
958
964
968
965
973
972
980
984
986
985
981
902
31
26
24
19
16
14
22
16
15
12
9
11
11
12
14
22
14
20
18
26
921
927
930
930
935
505
501
811
61
57
58
59
190
192
194
186
190
188
195
720
715
723
719
718
712
407
414
411
407
408
411
405
404
409
417
424
415
407
566
566
563
105
105
100
98
93
99
93
95
97
104
101
98
656
654
652
428
428
423
424
417
413
414
172
176
182
174
175
170
169
5
4
12
9
8
859
897
890
896
894
894
898
901
733
729
736
743
747
739
736
728
731
725
729
724
721
723
907
901
114
113
119
305
298
31
23
29
34
30
31
721
724
711
709
702
697
700
695
703
695
693
508
139
140
1013
1016
18
11
18
248
247
250
589
586
716
708
712
709
911
908
914
918
878
875
876
884
876
876
578
585
579
694
686
682
679
682
687
682
685
682
686
693
689
697
694
695
76
74
81
78
77
79
73
74
68
72
183
188
180
885
887
633
555
548
389
390
395
387
387
394
400
171
166
122
127
130
132
823
821
813
821
822
815
998
260
263
262
262
257
258
262
268
273
278
279
278
276
274
279
756
215
208
656
655
648
646
651
655
653
652
655
656
659
255
247
243
69
70
71
76
73
73
70
633
626
630
632
666
671
664
664
671
668
671
678
679
675
291
189
181
185
184
190
425
430
87
85
78
84
77
80
599
638
631
626
623
624
632
635
400
400
397
403
407
1001
1000
523
460
452
445
448
450
624
619
622
149
142
140
174
166
171
173
166
159
158
159
157
159
167
168
169
170
171
165
193
199
201
193
195
201
181
170
170
177
183
188
188
189
187
190
721
719
714
709
717
713
714
715
717
722
499
495
487
489
490
484
482
490
490
491
492
439
446
447
446
441
439
434
437
437
439
432
295
292
287
295
542
542
239
239
595
775
781
782
786
785
777
773
221
219
290
289
308
231
235
517
521
858
787
841
658
656
686
482
474
475
476
471
475
469
477
482
490
497
490
482
482
479
474
469
468
472
478
482
489
497
501
882
874
873
869
867
863
871
868
875
315
955
962
968
961
967
967
965
967
968
967
972
969
371
143
138
142
138
143
138
132
526
532
537
533
514
506
506
48
42
207
669
667
661
667
665
851
857
850
851
857
863
868
860
866
866
874
871
864
866
860
855
761
919
922
915
909
915
910
903
908
908
220
226
198
196
195
187
183
718
724
727
894
549
235
239
238
239
242
1021
1023
6
480
478
476
482
480
130
135
140
140
146
147
139
141
146
153
146
143
985
977
979
981
857
852
844
850
857
852
849
856
864
860
855
850
62
412
413
413
418
417
639
646
642
643
650
658
660
427
431
629
623
622
616
619
618
20
28
20
24
29
26
31
27
23
31
31
35
32
29
30
26
20
18
23
426
421
414
424
421
422
430
429
431
467
465
472
474
482
486
489
495
487
483
480
773
768
770
767
763
771
768
149
150
151
643
721
163
160
165
161
155
162
154
156
156
160
164
164
159
515
507
514
519
517
525
519
520
609
898
885
601
607
611
619
621
627
631
631
637
645
460
454
462
221
362
358
358
362
368
370
469
150
144
146
150
366
358
357
365
293
289
295
292
292
297
301
308
943
941
945
949
957
950
300
294
302
301
307
314
315
307
300
305
303
307
779
782
790
789
241
249
243
247
246
240
236
242
449
444
443
441
445
443
449
457
459
768
761
760
768
773
638
638
638
642
650
643
13
164
164
169
351
931
541
544
543
545
216
222
143
140
136
138
142
149
153
975
982
984
980
981
432
739
733
735
739
732
737
731
728
727
728
736
734
739
302
301
302
266
267
268
275
523
268
757
761
765
757
765
764
573
575
580
996
1000
1001
595
593
586
587
581
173
765
758
754
395
391
398
684
239
239
239
238
566
567
913
912
779
782
786
783
787
788
791
272
269
275
269
273
269
265
260
262
262
184
192
193
188
186
188
956
963
961
151
151
157
163
167
165
429
430
426
424
427
761
648
653
645
280
286
293
296
298
301
304
71
68
718
713
717
719
720
724
720
598
600
600
128
121
123
633
631
627
974
975
977
982
987
984
383
388
386
387
378
381
382
378
380
388
381
385
262
263
262
254
249
246
254
734
42
43
40
38
30
29
32
35
171
169
165
165
163
162
161
822
817
811
813
821
813
807
814
819
815
817
824
830
830
823
827
833
828
834
829
832
3
9
6
7
1023
1016
584
581
589
583
590
583
53
53
49
44
44
52
60
483
490
485
487
556
551
550
555
552
557
554
557
559
565
561
103
102
97
98
103
103
106
99
92
627
626
632
634
629
421
427
435
384
744
749
757
751
750
752
755
760
755
758
190
190
186
186
180
185
183
177
174
613
617
613
605
604
601
594
602
609
500
51
132
92
986
978
757
408
403
593
591
589
593
595
601
607
613
620
625
632
632
640
648
586
586
594
598
590
587
593
588
581
714
711
716
708
701
175
183
188
189
191
193
193
196
190
182
184
250
242
234
240
235
768
770
773
767
763
201
55
52
53
47
43
43
46
39
132
137
140
147
154
152
147
144
141
144
152
152
150
150
148
143
143
659
664
660
654
660
656
664
291
283
285
282
286
284
287
287
281
285
279
9
3
124
118
115
447
454
451
457
462
455
456
464
459
96
99
103
110
131
129
127
134
141
388
383
153
159
161
912
913
519
513
885
147
143
142
614
613
608
615
847
846
851
857
854
134
128
121
128
125
129
133
133
137
139
131
942
943
941
935
943
938
32
30
35
39
33
33
33
26
30
24
26
34
37
41
43
42
34
38
30
22
641
633
635
254
260
253
251
256
69
71
66
848
855
853
854
859
861
143
147
147
151
148
140
133
130
137
141
146
391
198
201
196
201
195
199
196
190
737
737
109
997
645
638
105
111
103
96
504
499
495
440
433
427
120
69
70
187
180
182
101
96
104
549
544
544
546
368
363
357
358
355
354
341
344
773
773
509
512
515
517
522
524
530
522
525
522
524
518
511
512
515
521
528
525
522
516
522
138
143
139
144
22
18
12
341
346
344
350
355
362
666
671
671
679
674
673
673
680
675
674
672
976
978
166
675
669
663
663
668
453
115
115
115
119
112
115
107
103
104
107
111
110
115
117
109
108
107
990
997
26
21
27
30
649
649
650
642
635
628
634
640
634
633
628
623
628
624
624
1008
1011
1009
1017
1009
1013
1013
1021
1013
1010
1011
1015
1018
796
800
806
808
679
683
676
683
682
993
993
845
852
845
848
856
860
868
866
860
881
880
888
889
890
890
895
902
901
903
902
907
912
906
899
899
899
897
899
902
914
909
573
574
580
584
578
745
739
746
563
567
703
699
706
708
710
702
702
910
915
909
911
906
909
902
273
275
270
278
272
272
268
350
167
170
164
171
166
174
564
571
564
565
568
565
557
559
1018
1017
1019
826
710
713
705
297
292
292
290
295
129
125
123
122
124
127
315
969
964
92
92
916
916
912
905
569
561
564
565
559
524
521
147
139
133
133
127
132
128
128
206
198
787
781
774
767
772
770
764
764
762
768
769
816
663
666
671
46
41
43
254
252
257
263
267
275
278
276
903
897
48
47
589
638
637
639
815
912
911
233
229
776
775
781
774
768
767
762
760
776
770
762
762
759
755
752
755
761
755
752
744
917
922
929
924
916
922
920
920
915
917
100
107
907
906
912
916
937
931
939
944
951
946
164
156
155
157
151
152
151
158
162
170
167
160
162
165
162
163
767
764
766
767
772
768
760
761
769
770
770
765
759
766
763
762
754
760
757
757
38
39
33
30
963
20
699
336
343
336
336
330
335
329
335
537
545
553
561
564
559
551
28
636
630
635
17
875
879
874
874
789
783
784
788
792
797
797
804
808
804
318
319
314
307
334
329
327
335
343
341
344
340
342
939
937
721
719
712
720
716
724
502
504
497
489
494
501
499
504
497
501
504
554
518
526
519
514
515
514
515
519
518
520
526
524
525
531
538
542
547
555
558
560
592
589
587
595
593
585
589
597
589
590
598
601
594
595
595
597
546
544
818
823
824
826
828
835
827
827
60
58
62
54
59
63
57
56
58
58
52
47
47
51
46
53
813
809
802
801
801
801
806
802
804
807
802
800
800
808
916
913
911
915
913
912
915
917
915
908
205
887
890
883
882
878
875
871
878
877
878
883
883
959
1005
877
871
863
869
875
868
862
858
206
208
210
203
898
899
905
363
361
761
851
857
850
858
859
562
562
567
560
565
572
576
573
845
42
39
240
240
247
253
248
243
239
242
244
248
246
249
245
361
362
354
351
352
346
347
343
470
471
475
534
535
527
527
529
523
524
517
512
516
524
526
522
521
524
523
523
653
653
655
663
658
780
785
785
787
783
781
773
775
773
774
778
783
778
773
775
779
787
785
785
785
793
795
803
804
304
300
292
466
459
465
463
457
455
874
874
873
36
567
568
574
576
576
568
415
411
405
412
409
406
405
198
193
191
199
203
204
203
209
201
194
198
197
961
966
973
331
329
335
342
342
346
344
337
339
86
82
77
77
529
527
532
536
541
534
532
535
532
529
528
562
275
323
327
853
848
842
837
845
848
840
833
833
841
839
23
18
17
19
26
25
26
29
34
30
569
148
154
150
143
437
443
447
447
439
436
436
518
525
518
517
510
509
512
508
844
836
841
844
848
847
842
108
111
107
326
334
338
418
424
416
415
407
407
404
399
392
388
382
610
109
459
34
35
42
43
44
52
47
46
40
39
40
33
29
37
40
48
54
49
47
41
47
216
211
682
675
680
686
680
456
449
449
456
463
469
469
842
721
720
714
709
707
713
720
714
717
714
718
717
353
349
351
353
359
356
361
369
1010
1006
1006
1005
999
1006
526
954
960
964
956
960
962
969
963
969
972
968
243
33
30
24
26
550
554
560
566
565
561
569
569
571
576
569
573
573
565
111
103
100
95
769
771
779
782
775
775
770
767
760
755
758
755
753
757
763
911
907
853
851
855
861
861
869
864
872
734
736
740
735
728
730
728
732
728
645
646
648
642
640
646
641
762
754
301
302
319
737
735
743
747
745
738
739
744
528
689
687
683
676
684
690
687
689
682
676
684
676
678
685
693
701
704
699
837
520
525
521
518
236
238
231
239
237
243
251
251
253
255
258
250
256
260
254
643
636
641
855
853
849
851
858
850
858
530
537
532
561
553
547
555
213
208
203
431
431
428
432
434
441
445
97
90
91
1003
1007
1011
161
165
515
522
514
521
514
516
519
521
516
398
391
394
389
392
389
387
382
389
891
3
8
4
8
9
13
8
991
988
980
973
973
976
976
977
973
975
975
973
974
978
975
979
986
84
80
82
75
82
79
75
77
72
183
183
768
763
756
758
751
748
348
346
348
352
631
633
636
640
641
637
638
193
201
194
761
762
761
764
772
776
779
783
787
788
786
491
494
499
499
507
509
504
497
489
488
491
498
493
486
491
448
440
434
435
431
435
436
436
939
197
949
947
946
946
945
870
848
841
833
829
206
196
495
909
902
900
440
436
785
779
774
771
773
771
777
778
775
772
766
265
261
249
249
246
247
255
541
542
540
545
68
60
262
264
270
274
291
291
299
296
301
587
589
596
592
598
595
123
116
121
121
122
983
991
999
1006
161
161
156
160
160
164
166
165
171
163
166
173
167
162
160
168
551
551
556
564
559
560
478
470
477
483
477
485
649
641
636
639
638
642
639
645
651
645
592
772
770
777
485
575
576
580
574
567
575
581
293
288
285
281
279
276
31
31
197
197
200
201
199
201
119
123
121
118
112
2
3
8
722
719
723
722
509
513
266
711
707
710
967
963
958
964
969
973
615
614
12
15
17
24
24
29
331
326
324
331
328
339
925
923
918
915
923
409
401
395
395
398
393
400
396
396
404
403
406
345
339
343
341
345
339
336
328
327
335
337
338
331
326
333
23
25
33
25
26
4
2
1022
277
272
271
273
279
282
283
279
278
279
274
273
278
270
268
260
1004
1001
994
999
1007
1008
580
574
582
583
589
597
599
594
410
415
421
417
832
836
836
841
841
844
884
877
872
877
881
878
872
459
463
471
473
480
479
474
800
805
352
358
1022
1017
1020
1024
2
1023
575
569
564
558
553
559
557
483
479
479
482
454
447
447
451
445
442
443
440
445
441
446
444
439
443
450
453
454
497
503
965
1016
1019
723
726
610
610
616
611
609
616
608
600
601
599
595
589
596
601
25
453
449
449
450
455
458
450
450
318
320
316
821
816
810
805
978
970
977
969
969
973
981
974
969
964
972
632
233
232
225
218
214
230
400
397
391
23
435
301
303
306
303
296
299
686
692
684
685
688
681
686
679
674
958
957
954
946
954
955
947
954
662
52
48
56
61
549
947
939
941
943
935
942
564
557
562
565
382
380
386
382
381
373
371
374
372
884
882
880
882
874
151
44
48
50
58
51
52
54
59
59
232
224
499
506
527
531
524
518
526
518
835
835
791
790
796
640
643
636
634
632
638
642
644
641
646
649
83
80
73
75
69
72
71
73
72
753
750
756
757
757
754
762
757
749
751
751
743
739
746
746
740
537
529
526
531
537
533
541
534
527
535
543
550
552
601
594
601
607
601
593
593
587
579
571
566
566
565
570
562
566
574
575
89
89
96
567
562
567
576
574
579
576
569
997
995
989
983
980
1001
26
27
24
25
23
27
28
30
32
29
21
28
23
24
511
519
512
432
237
232
58
63
60
790
797
803
800
861
199
203
199
192
192
200
270
271
273
279
286
280
283
280
274
281
288
294
299
298
294
291
296
296
290
294
963
963
536
528
532
167
163
991
986
983
983
980
982
118
112
115
109
106
112
320
320
322
325
331
332
329
328
328
335
910
138
137
142
802
797
631
638
641
636
633
635
1003
995
995
987
980
978
980
974
966
964
965
967
973
979
980
980
984
210
204
212
210
213
221
226
232
229
233
236
233
233
233
240
247
254
254
250
257
275
271
265
263
263
268
260
264
260
257
252
903
910
910
915
917
914
918
924
929
925
492
484
480
482
480
487
492
499
720
718
725
726
726
728
725
694
694
701
694
686
685
683
683
676
682
676
482
485
491
475
472
477
673
680
675
963
966
967
462
462
460
452
455
449
457
458
466
461
463
468
474
477
482
1014
1012
1005
1000
1005
1001
1005
1007
1005
999
1002
1001
1001
996
128
126
127
131
627
628
635
640
633
627
619
619
39
37
38
44
398
397
696
692
364
371
363
357
355
361
358
496
496
499
505
497
505
506
512
969
969
973
969
964
963
959
957
955
959
957
963
969
965
343
755
755
410
418
426
619
623
618
66
73
68
73
69
581
575
567
593
596
595
716
711
718
726
723
832
832
832
838
831
825
264
267
270
277
278
281
284
288
280
274
3
1
923
923
927
926
924
704
225
225
220
918
912
644
644
637
644
649
643
639
862
858
859
865
871
868
876
868
868
872
872
873
874
878
885
880
883
876
875
743
735
734
737
741
611
618
624
900
893
594
586
585
591
594
666
673
678
684
676
684
685
680
686
694
689
694
442
443
451
454
461
461
996
715
715
713
714
721
721
721
93
97
96
101
104
98
97
96
89
893
1003
624
630
622
197
189
183
448
448
455
454
55
99
906
909
910
902
899
896
682
676
362
325
319
323
321
327
327
332
325
340
141
135
127
121
120
441
447
448
448
440
344
341
340
343
336
955
956
949
779
786
780
738
742
746
740
736
736
729
722
716
721
729
730
737
735
735
727
734
734
733
730
730
845
843
843
845
843
688
686
524
517
514
521
528
525
59
61
67
62
100
100
95
103
107
112
120
122
639
631
639
634
626
622
628
629
561
563
555
549
549
550
544
537
586
590
597
600
595
597
594
590
592
595
188
190
185
6
13
7
10
5
200
194
197
215
223
228
227
226
222
218
222
218
220
465
461
455
455
461
461
465
468
784
486
482
478
564
568
562
558
555
554
478
486
482
475
469
470
468
460
467
459
452
456
460
461
300
303
303
295
303
299
300
301
302
176
172
178
108
113
111
766
773
767
760
754
746
740
743
739
734
733
733
541
544
550
271
637
636
632
576
582
574
569
571
716
713
71
73
353
361
363
371
371
764
764
498
662
392
395
397
394
31
32
431
427
367
362
360
94
101
101
109
103
101
108
105
113
117
124
116
123
126
128
123
131
138
137
140
134
126
118
124
121
117
113
106
103
111
115
118
111
752
746
738
734
391
388
386
393
393
139
132
604
604
604
602
741
748
756
748
753
760
755
592
596
591
711
719
383
378
371
378
383
388
390
387
390
383
377
374
376
378
630
635
643
639
757
751
752
617
836
842
850
846
840
833
838
832
831
823
310
312
309
847
855
858
854
146
142
148
153
157
163
165
162
160
167
167
173
169
167
161
58
56
53
60
58
56
48
42
39
46
47
49
46
41
35
35
29
24
25
19
563
557
558
559
554
560
565
565
558
553
983
827
823
822
818
821
539
536
490
497
496
490
723
720
954
643
773
774
775
772
414
976
979
982
976
972
980
982
979
981
986
991
997
993
989
632
634
629
621
622
618
340
737
736
607
603
604
608
608
613
598
591
589
592
934
940
933
621
627
689
691
687
687
686
682
674
678
683
687
685
677
673
680
687
33
41
48
44
46
40
48
46
40
34
39
39
47
49
57
52
271
275
269
272
269
269
676
680
15
10
16
15
21
25
33
763
329
337
343
152
146
150
155
158
160
164
168
1010
1017
1014
262
254
257
254
261
257
257
847
852
848
850
842
841
852
844
338
333
332
339
344
336
331
323
317
320
314
321
329
321
317
320
318
316
308
304
296
303
297
301
294
302
296
289
288
291
480
481
474
477
475
264
257
261
268
967
967
963
956
570
582
954
962
964
159
165
173
170
165
164
172
180
434
139
139
139
135
132
130
127
131
126
122
119
117
116
111
279
285
281
289
66
1024
374
376
376
377
375
370
369
371
377
369
362
356
360
995
814
811
807
799
796
794
801
796
803
431
433
440
250
252
700
705
704
698
598
590
252
197
203
209
207
204
203
200
199
205
205
213
217
216
208
201
976
971
967
961
392
387
391
443
436
524
270
275
272
338
342
691
683
683
682
682
684
687
963
909
903
906
677
681
688
691
694
686
692
694
591
597
486
486
493
486
499
505
623
623
622
615
618
624
631
624
629
629
629
633
631
634
881
879
875
875
588
589
585
579
585
584
821
133
138
142
150
150
690
690
698
703
709
536
533
535
733
731
723
608
606
465
469
474
466
214
463
456
464
607
605
123
126
762
767
608
600
593
586
580
548
553
553
556
552
553
302
302
296
302
305
870
867
867
303
309
305
310
310
309
313
441
444
445
439
444
448
446
447
444
451
448
440
448
452
459
466
472
468
467
471
465
469
469
467
469
755
749
753
745
752
759
767
24
19
428
428
139
144
136
142
134
128
120
120
115
107
105
105
102
99
106
102
97
96
302
310
308
265
265
273
274
271
272
269
267
259
266
259
263
257
249
249
250
726
734
731
734
726
733
726
727
728
731
728
725
848
231
235
240
241
242
563
566
568
570
569
575
205
212
215
213
206
201
208
562
565
564
557
555
552
555
551
549
543
258
492
489
497
498
493
495
138
133
130
133
125
132
731
728
723
723
730
163
159
154
149
157
164
169
532
513
508
315
315
216
775
776
770
797
795
788
796
84
219
212
208
214
210
209
216
210
217
217
606
1013
88
815
810
642
648
644
926
925
930
925
933
936
594
601
599
601
593
585
577
583
578
580
286
342
340
346
628
635
610
618
257
354
358
357
360
355
355
353
358
350
354
97
93
98
103
618
8
993
987
988
980
978
973
973
973
979
980
898
898
904
912
919
918
910
915
912
41
34
26
21
24
20
28
252
173
178
186
353
350
354
347
346
340
335
330
36
37
764
768
771
155
161
300
294
504
511
514
507
559
554
547
278
688
688
686
683
691
625
621
625
620
622
630
636
634
748
753
755
748
754
655
654
656
650
652
929
931
938
939
782
757
761
763
761
768
767
990
993
990
998
1002
544
541
535
540
535
541
538
654
649
653
431
437
433
441
447
454
454
446
446
447
440
444
442
446
446
439
447
442
446
439
441
434
441
433
426
427
429
422
981
978
110
112
116
123
130
123
125
610
605
89
81
82
385
166
172
164
160
164
168
176
178
707
699
696
540
536
538
537
698
696
696
696
701
707
704
702
167
166
168
170
178
182
578
78
79
85
447
449
445
439
444
204
202
197
198
191
349
354
361
368
360
364
288
287
281
612
618
621
627
626
633
637
633
724
725
723
785
781
954
952
956
901
897
333
335
327
331
138
138
135
143
139
146
144
138
546
543
550
544
551
552
553
561
568
570
92
290
718
177
173
181
188
182
190
187
185
297
289
294
457
201
203
208
215
547
539
538
542
539
540
536
541
538
541
547
540
532
863
861
863
856
861
641
506
500
502
501
758
19
26
24
28
31
8
940
940
942
934
926
923
922
919
919
916
916
920
916
910
908
289
54
59
57
646
653
646
650
651
643
650
655
650
648
316
317
802
799
797
798
792
788
781
782
785
785
605
605
601
600
601
601
600
599
753
748
687
680
684
677
680
678
681
734
729
725
730
729
737
740
748
745
749
1012
1012
1011
1012
1019
1024
3
2
1019
2
1020
1017
1024
1019
1020
1013
1013
1008
1001
814
821
423
429
846
279
286
290
264
272
274
335
341
336
333
332
326
322
586
592
592
585
872
874
881
886
887
158
152
146
148
89
292
298
290
288
289
286
648
645
651
651
644
638
631
636
470
475
476
482
484
483
62
70
76
81
74
70
70
75
81
89
96
103
99
961
967
966
971
964
958
954
962
486
489
491
489
485
480
478
481
478
973
972
966
964
965
959
958
959
957
956
399
405
407
401
394
390
386
874
866
864
860
862
245
245
404
404
409
409
408
784
785
792
791
787
790
794
786
791
798
806
812
817
816
808
592
600
604
462
458
454
459
453
459
465
457
106
770
762
762
766
769
761
767
775
778
785
858
862
862
868
865
885
884
879
871
868
866
811
809
801
799
807
810
817
817
821
821
828
999
1004
1002
995
1000
998
995
991
282
281
275
444
449
444
436
440
442
850
87
83
83
83
77
78
85
77
78
74
78
83
87
725
717
723
1007
1014
1022
45
52
55
60
135
134
965
965
962
969
862
854
847
283
282
276
269
889
871
872
321
326
325
319
323
327
326
326
318
319
322
316
213
205
205
197
193
190
195
188
922
923
919
912
905
911
916
747
742
738
315
310
313
13
91
99
103
574
579
584
589
596
588
594
594
592
600
60
59
722
718
892
888
893
897
98
95
102
344
347
348
781
778
779
772
768
768
676
679
682
684
683
687
34
386
383
389
392
392
388
396
43
49
57
60
61
54
167
970
966
585
592
585
324
144
139
90
97
103
108
115
115
117
111
103
108
111
118
121
128
125
132
127
122
118
110
504
500
506
504
500
612
604
632
626
620
619
624
628
635
627
627
630
636
639
641
638
638
635
631
628
624
621
626
627
635
632
633
626
634
636
628
634
642
697
703
705
706
704
703
659
651
659
662
694
688
694
693
692
433
431
439
439
432
425
430
438
599
629
260
255
254
251
251
552
546
548
547
542
540
283
286
284
280
282
282
289
857
859
867
867
291
293
297
300
306
299
23
19
12
19
27
33
754
758
758
762
765
758
757
648
653
651
318
324
320
323
319
312
607
258
254
246
246
512
507
510
513
505
811
812
843
476
477
42
34
39
32
24
17
597
589
581
584
483
490
496
498
502
503
503
497
491
497
499
491
67
59
66
61
66
65
371
377
380
951
951
944
946
940
938
932
934
503
503
502
1006
568
570
573
580
584
580
584
576
573
581
575
904
448
444
439
438
443
450
448
716
713
713
706
721
722
722
715
723
715
716
142
135
141
133
133
133
132
133
134
140
146
138
144
147
154
154
156
150
705
698
164
416
417
416
453
229
222
214
213
209
205
213
214
207
213
179
516
518
518
513
519
527
532
512
728
727
720
726
731
736
736
729
732
737
647
655
655
661
668
216
441
442
446
439
445
445
447
445
53
58
66
58
63
71
71
71
539
542
548
546
544
544
551
554
547
551
546
541
541
545
553
553
552
554
550
545
543
544
544
550
550
553
556
967
968
969
963
967
182
189
192
189
183
176
296
304
999
1004
1006
1002
1008
1013
1016
1012
291
758
758
750
155
300
300
308
306
312
311
317
324
328
328
323
575
576
576
563
559
564
565
594
597
591
597
589
597
596
604
606
832
670
672
671
667
319
323
320
929
930
927
927
929
927
306
300
297
304
900
796
791
933
932
928
924
918
922
929
946
259
256
263
5
2
4
11
17
20
24
22
16
16
18
22
336
335
340
338
337
329
325
322
323
321
313
318
319
318
621
625
149
145
140
133
127
339
337
337
622
658
660
657
216
209
773
775
774
19
22
29
27
915
915
917
910
908
835
827
833
826
824
830
832
830
2
1
1022
609
610
687
693
686
692
696
691
684
686
688
175
181
179
180
750
747
744
896
889
888
880
277
277
269
261
266
264
270
623
624
630
634
339
342
338
336
313
689
697
699
698
691
695
698
693
394
482
489
487
485
769
46
46
40
37
30
28
766
770
165
173
664
530
525
525
528
826
828
826
229
613
604
605
612
619
614
606
611
612
610
604
605
606
605
95
499
499
501
147
148
275
267
260
255
257
265
258
254
260
264
262
136
134
142
560
566
562
561
826
818
810
812
818
812
816
817
816
815
890
755
754
750
747
753
761
758
760
755
750
606
510
169
163
206
207
206
617
615
608
606
612
504
507
509
293
298
297
301
617
616
609
609
603
605
606
607
614
611
614
606
605
602
602
355
362
367
366
371
370
325
317
314
801
798
794
797
794
793
801
92
98
102
96
91
750
744
743
739
731
732
569
574
449
996
518
522
514
635
634
633
565
569
572
302
303
300
271
268
261
267
267
269
274
278
276
572
575
575
578
585
588
585
535
751
28
36
35
32
39
41
47
47
41
44
50
98
97
104
456
113
115
114
115
116
248
78
77
84
79
72
67
779
782
776
773
781
784
103
101
99
94
87
903
911
915
922
915
918
915
986
982
757
750
752
752
750
743
736
977
984
985
982
982
981
974
317
312
305
306
883
877
872
864
870
876
884
884
891
883
889
896
891
894
893
897
897
895
901
905
912
912
919
918
921
922
919
919
813
809
294
288
280
288
293
288
290
286
280
275
281
276
281
284
823
820
823
815
812
807
305
311
312
306
314
312
318
575
570
564
563
77
84
90
85
78
76
79
74
71
121
114
819
820
49
56
55
63
36
43
48
41
43
936
941
937
940
934
929
931
928
924
930
931
933
476
476
472
465
465
522
529
525
523
524
866
860
380
384
377
372
367
372
378
370
758
766
770
402
396
666
673
681
688
45
50
57
55
60
62
62
288
295
298
545
549
580
584
543
940
938
930
923
931
168
166
780
777
781
58
52
56
49
51
53
60
55
58
63
71
76
83
75
83
83
78
86
82
75
67
74
69
606
605
602
605
607
613
609
368
370
676
680
685
687
684
692
491
494
490
491
422
420
420
418
421
538
534
537
545
546
542
540
379
45
43
735
733
898
901
518
519
517
523
531
527
345
337
345
346
341
349
353
359
351
348
347
341
345
350
39
801
905
907
906
913
917
918
910
913
910
155
149
145
140
463
471
471
474
475
470
474
479
472
153
158
162
154
162
161
166
169
174
182
188
193
991
991
999
1004
997
991
986
994
997
714
718
726
728
725
731
732
728
725
732
733
197
203
201
196
477
474
466
533
535
539
531
536
531
531
535
541
542
535
969
975
871
879
881
874
881
881
881
877
873
870
876
880
881
188
188
180
179
171
176
175
180
172
171
178
186
184
192
187
188
186
192
186
189
193
188
195
188
184
189
899
898
897
495
752
363
367
373
376
383
381
387
390
154
162
557
561
563
637
632
633
638
640
636
886
883
890
887
889
893
893
894
886
890
410
409
402
396
404
878
880
107
108
109
107
112
110
108
100
641
555
555
555
533
114
112
115
117
125
127
755
752
756
764
758
755
753
749
730
722
725
721
717
721
720
717
720
712
713
949
952
953
950
958
752
543
537
540
293
288
284
285
278
183
185
189
188
180
177
185
185
189
197
190
893
89
83
78
73
70
101
94
89
150
142
145
137
130
131
131
137
139
134
139
146
231
238
239
724
726
730
724
722
727
725
726
729
729
728
729
733
728
732
730
732
728
729
722
730
730
736
744
749
753
747
746
740
734
734
992
991
993
997
998
510
512
520
320
319
16
24
803
881
889
886
55
398
390
398
648
107
99
93
563
562
485
492
985
458
457
357
356
364
370
365
971
975
974
971
970
966
779
784
787
792
786
737
729
726
731
732
738
744
747
746
752
757
308
304
433
425
428
787
461
458
459
458
464
463
455
463
461
458
461
468
467
473
120
115
78
75
70
71
64
70
76
69
613
607
295
303
301
317
196
520
513
512
517
513
641
640
643
650
653
657
650
658
653
345
350
358
351
347
353
352
359
359
359
351
512
505
498
504
497
498
494
220
220
224
224
275
79
474
480
479
485
481
479
477
476
473
473
465
460
466
470
465
472
175
76
84
87
94
94
93
89
97
91
88
93
939
944
401
402
402
397
389
386
390
393
394
397
394
746
743
739
734
734
739
738
735
741
522
526
530
593
599
607
471
469
470
476
474
468
461
459
455
247
247
206
209
213
207
720
725
924
923
923
929
934
349
156
156
161
153
154
159
154
146
150
821
828
823
820
822
825
828
835
842
841
839
834
836
526
525
4
4
285
280
276
622
620
729
726
734
729
737
164
171
389
385
458
458
454
461
458
326
324
332
325
319
414
419
419
87
315
316
83
45
40
38
30
249
256
254
256
249
780
785
789
794
797
790
782
776
770
590
588
585
582
587
126
129
129
124
128
774
781
788
683
366
370
376
374
372
366
374
822
826
786
782
784
792
792
800
12
14
582
589
592
285
286
148
235
234
235
232
27
23
16
24
31
38
30
320
319
321
315
49
47
809
814
819
820
895
892
895
892
889
132
131
139
137
139
1017
617
621
618
622
623
617
392
390
304
104
99
105
904
897
893
901
756
209
204
199
207
204
457
459
453
453
450
451
456
21
22
576
573
572
286
293
300
303
303
328
329
323
739
747
740
740
733
728
735
900
903
904
904
903
901
909
912
918
924
929
927
923
919
931
935
941
933
925
1008
1004
239
233
978
982
979
977
972
979
985
979
975
972
964
354
359
524
520
517
520
524
522
521
548
547
545
550
557
562
568
560
928
926
928
920
922
880
621
617
610
605
597
591
184
111
103
100
95
97
105
111
110
105
102
533
526
525
529
686
14
17
12
524
519
526
428
426
432
425
425
426
430
652
42
48
46
43
41
45
688
691
689
683
682
925
923
917
910
905
911
913
915
260
267
101
104
103
102
97
92
85
81
852
850
