8192
77
77
898
434
77
77
1020
898
264
434
434
77
235
77
434
235
844
239
898
434
145
145
77
434
723
455
145
145
388
894
434
77
77
434
1020
478
393
145
844
393
898
857
264
788
464
1016
1022
565
77
844
1020
563
1020
321
844
844
711
1013
383
81
894
815
77
705
239
946
220
1008
894
434
1022
434
844
32
155
623
197
946
56
145
857
1016
844
1022
565
1016
867
329
576
84
239
197
998
1020
894
32
261
815
815
703
264
396
212
212
1022
794
1010
142
451
998
292
1010
396
81
155
742
239
519
328
145
909
153
604
565
1008
292
145
894
604
212
565
292
360
292
867
292
867
785
477
446
565
909
2
903
292
369
1020
714
917
867
1005
451
733
292
81
261
958
761
45
574
733
500
1005
142
718
292
998
789
1022
889
903
1008
889
1005
718
330
867
292
742
909
241
917
958
451
292
239
565
286
1008
524
292
421
292
1008
451
867
451
1005
642
225
917
446
733
1005
1005
730
903
446
889
290
574
1008
903
528
730
903
949
867
1005
867
952
889
615
889
733
720
451
889
718
241
279
1005
698
440
967
352
867
451
543
276
239
440
543
543
733
867
1005
889
276
730
698
903
276
239
571
440
903
854
276
642
1005
1006
381
1005
963
1005
889
903
967
279
722
40
952
962
1005
913
440
528
83
157
782
1005
241
1005
239
967
276
864
642
239
440
157
1005
682
466
279
239
913
153
357
889
279
889
229
151
440
722
983
692
246
913
967
229
157
967
388
241
949
962
889
833
833
910
927
708
722
40
682
903
440
642
485
596
663
874
962
191
694
692
722
335
239
229
440
474
246
391
335
927
982
889
298
1015
153
901
440
983
151
246
239
596
889
126
489
941
326
927
607
440
388
117
722
607
910
910
458
467
910
833
642
983
335
644
307
154
956
326
229
927
910
962
663
445
596
999
151
927
607
596
532
596
692
440
185
722
745
1015
692
833
692
126
61
126
326
728
596
726
726
1006
644
143
997
983
596
126
714
339
349
631
98
692
458
401
250
124
1006
63
412
657
369
692
649
8
745
735
412
344
369
703
596
490
596
369
596
833
644
999
369
508
326
111
453
219
1015
232
955
124
98
3
644
657
833
973
548
490
180
154
762
855
833
63
735
369
508
650
63
63
714
63
735
154
762
996
154
683
124
271
455
596
586
9
135
140
369
234
474
596
183
861
508
369
161
955
154
847
186
25
683
135
849
518
596
135
404
501
180
411
369
232
490
762
63
431
650
135
596
449
583
490
899
455
596
449
596
623
368
718
469
218
847
993
508
449
514
161
154
452
135
232
955
50
455
501
135
687
16
628
220
873
758
685
681
415
455
266
431
16
687
687
135
1023
135
993
369
873
220
135
852
491
481
63
720
873
218
234
835
972
63
944
631
16
455
873
431
717
795
852
976
795
161
649
63
873
220
508
135
160
835
232
481
913
16
718
1023
63
993
504
593
254
944
232
835
415
455
593
873
593
932
873
352
455
504
674
654
795
63
1023
849
491
754
835
285
719
719
795
254
114
389
358
16
504
243
16
16
232
713
504
874
905
243
212
243
63
932
504
508
674
873
114
110
993
53
674
243
110
504
493
594
849
455
389
719
504
993
43
588
654
719
180
754
830
504
674
675
243
102
754
706
731
849
719
204
684
713
754
273
493
106
504
819
291
504
232
1019
43
455
816
243
849
532
724
827
982
194
110
449
110
212
194
243
129
654
830
631
194
395
509
898
180
389
448
480
221
180
273
243
180
504
849
504
504
982
504
76
194
611
221
494
194
943
797
730
291
357
971
713
212
958
971
1
212
611
490
504
618
971
816
180
504
830
827
1
180
76
460
982
281
827
504
951
31
281
194
371
105
292
504
477
827
464
298
299
971
108
494
76
495
357
504
108
504
713
194
730
328
540
110
399
357
504
816
801
900
1
958
790
19
357
677
958
191
103
357
81
299
611
801
951
298
958
1
686
81
951
357
81
504
328
104
83
96
504
371
108
504
76
282
505
110
298
1002
504
475
110
611
552
516
172
958
900
103
515
657
493
310
951
611
816
843
83
504
1007
533
110
705
801
239
518
615
177
502
43
951
838
81
119
144
958
838
239
632
827
611
379
767
94
500
110
693
1007
1002
757
958
500
282
388
598
825
738
236
371
801
657
507
15
379
81
728
738
888
379
611
672
951
46
598
112
615
190
848
615
81
83
416
171
94
767
502
15
727
205
836
738
973
81
190
848
323
825
910
888
657
1007
379
585
190
767
801
1007
217
848
820
105
390
738
757
517
694
873
81
738
873
108
767
821
611
563
83
585
900
205
727
611
6
767
751
1007
51
205
205
727
727
767
205
190
45
292
910
821
779
83
105
767
1017
81
91
722
727
1007
611
657
91
757
258
757
769
727
51
292
767
821
164
856
767
514
292
767
205
738
757
420
204
563
823
767
390
942
84
611
105
6
292
84
767
864
910
823
988
45
431
205
769
422
711
992
91
390
258
185
118
494
738
711
767
420
994
668
767
113
206
239
711
441
61
258
767
757
668
75
431
936
823
616
693
868
527
767
420
628
964
172
204
757
860
330
185
860
711
185
711
969
191
471
6
75
964
711
994
113
323
109
209
185
75
441
206
767
992
113
420
75
471
992
204
860
628
994
209
185
628
767
662
930
206
204
860
520
113
930
471
316
316
109
1015
767
75
964
370
185
412
969
209
146
511
471
711
471
992
800
471
113
994
422
204
109
370
316
511
800
487
675
471
520
628
209
487
412
711
961
206
235
653
662
185
675
930
210
251
520
746
511
432
316
1015
800
115
109
146
800
675
969
506
316
435
675
670
209
412
430
662
209
405
264
653
670
146
60
958
520
251
445
115
432
764
1010
211
662
80
755
486
511
36
636
60
670
1015
432
1015
764
432
930
422
251
254
951
115
755
547
800
18
36
251
432
422
801
405
60
675
755
239
951
636
745
616
412
675
680
251
251
683
755
412
80
574
80
921
60
229
80
432
675
997
142
432
537
838
60
837
755
211
537
277
199
60
745
838
924
675
373
135
527
574
80
21
967
239
537
21
838
273
405
239
502
239
923
834
834
199
60
782
398
204
755
80
405
108
671
80
379
380
99
821
251
311
199
838
846
82
496
633
108
80
80
211
891
145
838
373
834
838
21
644
838
261
838
220
1005
311
834
1005
62
838
80
851
875
838
380
671
220
834
834
628
671
875
671
834
600
204
983
145
60
858
334
211
352
628
838
811
189
229
678
261
725
838
821
17
834
914
671
145
1005
983
1005
378
671
940
511
940
663
834
821
373
1005
220
120
663
838
940
838
923
234
704
983
671
120
192
834
769
663
145
628
769
940
587
1005
334
923
564
678
17
120
703
834
983
653
543
671
17
187
234
838
1005
234
934
769
671
838
671
671
187
671
838
983
187
663
578
364
653
120
543
600
678
171
578
564
17
410
1005
17
187
120
58
82
488
653
82
168
543
653
995
1005
458
1005
578
168
1005
82
587
934
735
578
838
751
838
671
787
419
776
776
1005
59
269
934
671
678
653
364
17
895
187
564
671
212
168
265
838
587
269
168
132
678
901
171
587
536
187
187
599
932
17
82
587
671
653
587
58
671
791
3
901
671
1005
295
3
323
873
98
269
564
825
934
838
187
82
653
838
653
494
140
95
514
364
934
932
742
873
653
838
209
340
838
387
340
824
48
117
155
459
671
587
494
564
901
671
103
514
3
364
445
838
838
214
3
17
653
419
564
587
587
187
412
1005
998
645
103
857
564
653
587
825
445
825
229
104
103
461
214
17
494
103
229
103
459
277
209
779
325
671
3
209
103
101
494
779
779
779
976
102
324
102
840
564
1005
209
483
310
445
564
990
968
3
397
103
24
857
468
785
980
214
103
493
647
840
461
459
229
214
214
209
980
437
461
969
447
614
17
160
160
564
17
500
734
63
779
980
493
779
103
19
779
461
63
102
980
397
494
764
494
749
461
564
3
840
406
319
445
779
461
3
734
170
461
527
19
647
461
834
552
148
17
19
461
103
514
779
63
229
493
734
17
1007
564
494
461
130
643
300
300
419
63
244
647
749
743
17
493
1007
779
493
493
779
397
258
130
148
774
17
1007
19
17
258
771
1007
1007
687
244
17
170
19
91
527
643
281
774
647
909
956
834
1007
564
1007
70
148
17
244
909
493
244
590
368
315
19
21
590
315
213
258
236
564
228
397
1007
590
2
58
749
493
537
90
281
148
1007
258
952
1007
687
527
663
356
1007
953
17
1015
1007
590
1007
663
590
315
1007
278
315
749
278
1007
1007
1015
1007
17
1023
1007
915
716
1007
663
344
61
278
590
952
81
58
749
1007
976
763
952
289
380
6
663
915
278
1007
912
148
952
663
1007
732
590
946
925
278
976
952
278
48
915
316
915
912
356
1007
314
48
663
278
663
887
663
437
1007
912
976
296
721
749
925
925
316
596
912
146
1007
925
732
316
394
264
749
296
296
1007
925
728
264
44
663
278
1007
707
394
817
356
952
239
732
728
896
437
952
351
1017
327
749
663
915
1002
314
1007
818
162
122
44
239
394
925
1
148
728
194
698
728
1021
753
818
296
728
817
932
135
1007
239
88
264
356
707
410
940
296
194
351
185
296
1002
239
671
210
728
7
749
818
356
443
148
932
932
952
122
306
932
728
88
407
194
219
445
1
296
410
1007
584
180
925
944
728
445
43
351
651
1
728
296
43
591
586
185
135
296
932
180
728
584
186
818
239
407
823
325
135
351
584
276
462
443
880
935
584
671
557
78
276
728
180
306
351
85
339
926
728
53
276
673
399
56
219
186
728
186
351
728
407
180
306
219
462
198
728
43
810
314
937
935
430
728
539
135
180
584
85
738
587
880
295
743
56
799
479
53
198
584
43
584
276
85
212
479
813
53
142
357
276
738
198
883
591
85
306
306
791
586
698
713
142
880
276
100
85
56
219
281
180
479
839
916
85
428
219
295
85
539
848
587
85
587
53
587
698
170
698
198
263
839
813
394
63
63
107
479
327
539
656
888
276
569
542
813
901
839
883
416
609
327
100
10
219
713
327
982
479
880
951
541
713
982
713
313
1000
883
1003
611
53
626
527
219
609
219
80
394
479
564
1003
903
327
527
587
665
276
539
822
205
335
619
765
659
880
903
713
901
479
191
693
479
107
170
80
479
659
903
903
95
219
860
713
1004
327
277
765
687
80
253
903
619
619
276
687
726
12
327
219
901
450
883
253
587
479
512
826
903
780
191
512
134
766
80
222
780
997
560
138
659
222
83
884
843
619
134
969
80
658
997
903
884
562
903
134
619
419
134
903
258
587
222
700
938
997
177
997
619
739
893
997
997
619
884
658
512
441
903
512
658
903
222
938
512
183
264
229
997
619
562
701
884
893
850
659
489
997
512
85
229
1
658
903
710
134
427
709
739
997
997
997
512
183
701
512
997
183
222
512
379
1
241
852
997
222
997
893
938
754
427
573
352
997
804
997
512
427
659
437
427
659
865
938
562
365
739
512
17
222
659
570
285
781
837
280
997
502
241
841
427
997
997
470
1
285
997
222
252
659
222
17
804
462
222
997
18
512
754
197
462
997
999
462
427
813
222
938
997
804
222
953
879
712
997
659
462
779
427
997
879
437
427
659
999
712
252
804
997
879
972
512
427
252
846
492
879
222
659
879
462
1
736
16
754
732
23
222
879
712
235
813
462
862
953
507
867
553
712
462
810
499
16
659
721
997
59
879
39
70
813
813
609
486
399
437
908
701
999
997
222
23
953
23
578
252
659
609
754
427
715
609
931
553
867
997
999
879
798
23
999
553
712
427
701
462
499
16
437
328
823
659
437
497
280
427
659
553
782
492
90
890
813
879
969
427
39
553
543
659
588
427
999
493
808
890
715
427
890
43
999
867
237
712
692
418
543
890
659
124
701
237
798
782
808
39
427
492
33
782
78
110
251
497
492
481
78
101
159
251
821
492
359
659
78
251
543
383
735
999
33
492
427
808
611
999
659
174
659
553
156
782
490
821
359
584
782
715
481
587
999
999
489
647
782
481
817
131
237
745
481
682
180
481
78
78
33
33
492
453
726
251
975
557
745
78
880
33
999
915
478
999
724
251
489
782
489
682
453
999
543
735
359
726
57
33
808
359
78
481
557
555
863
741
495
152
745
999
237
715
381
78
587
131
745
495
920
373
315
775
78
955
819
680
80
492
453
152
381
373
78
812
941
843
478
843
913
555
557
955
747
78
999
766
141
310
500
863
481
381
80
78
79
484
435
766
808
601
478
492
106
103
941
78
233
205
321
913
394
908
999
51
260
102
526
233
941
560
478
478
680
560
379
394
955
577
78
478
812
913
979
78
941
747
526
913
747
999
601
446
478
321
497
585
833
812
651
993
102
435
254
747
560
941
478
102
494
974
229
497
812
497
103
913
144
610
497
597
560
948
560
913
478
979
560
526
321
435
102
941
319
478
560
913
102
525
560
577
144
581
721
928
597
687
526
398
747
560
979
604
319
747
283
833
102
997
526
747
812
747
526
436
747
913
997
944
560
587
494
997
837
929
837
435
1012
560
581
1012
610
997
604
833
54
404
547
687
404
526
560
174
154
801
494
306
560
1012
610
597
801
154
560
875
997
801
560
494
410
604
604
777
1014
319
809
833
319
560
210
154
560
494
833
925
131
925
634
306
484
610
587
587
743
269
916
412
154
760
306
547
154
494
997
451
210
319
587
775
543
292
526
316
962
565
560
597
801
981
565
555
875
610
525
587
226
743
604
1014
846
744
925
154
472
269
512
634
925
306
1014
210
634
885
743
885
587
306
494
154
846
634
400
634
634
525
871
587
412
451
412
472
154
360
634
319
555
465
494
425
674
587
400
649
692
292
715
634
525
888
1014
778
743
1014
597
715
378
319
472
1014
885
925
634
610
155
718
321
885
634
451
562
400
465
587
365
634
524
885
202
319
634
1014
610
525
400
16
353
634
117
67
7
587
1017
525
885
176
1014
634
117
243
37
1014
912
524
451
885
544
465
715
1011
885
433
524
117
321
920
587
569
37
955
885
885
925
672
587
587
826
587
587
587
885
465
117
587
117
587
7
225
587
587
658
1017
399
117
587
634
44
226
250
1014
672
243
769
243
121
946
243
690
399
269
587
399
796
587
399
161
941
156
769
399
955
946
502
18
587
765
569
774
955
634
22
925
121
117
170
972
132
257
225
243
5
211
765
587
117
587
653
644
354
658
385
399
896
634
796
634
70
156
711
250
354
925
161
555
586
255
687
126
211
124
211
399
785
161
354
399
785
27
765
765
272
653
73
395
22
354
211
634
687
132
156
257
126
117
653
383
197
211
966
178
395
586
331
250
711
253
22
76
106
156
652
744
211
423
156
53
89
27
512
272
785
744
38
586
27
543
211
785
211
14
395
331
257
22
711
320
128
435
880
395
27
211
331
866
549
268
178
551
755
211
163
146
515
331
211
866
841
866
652
253
257
744
163
880
785
553
89
89
435
661
253
744
27
914
803
492
14
551
553
163
253
211
866
27
553
320
89
89
621
89
271
27
596
331
207
257
700
178
14
255
890
199
866
491
991
257
866
606
810
551
253
89
89
573
914
89
253
810
991
89
841
130
199
199
253
29
253
255
14
409
250
810
551
372
906
1010
56
475
553
700
14
942
866
979
553
991
991
942
241
27
257
841
759
914
986
29
199
991
253
475
475
238
14
238
841
991
866
252
206
914
253
257
906
548
241
841
565
667
250
14
82
537
942
667
866
199
991
979
199
27
934
845
544
56
230
991
861
741
665
126
874
553
866
593
861
150
658
257
337
841
118
257
991
56
689
14
667
866
991
841
784
40
337
340
991
199
892
784
689
841
27
14
404
236
593
593
9
741
942
508
619
667
337
14
553
118
254
866
784
991
991
544
56
991
873
991
257
337
456
667
942
667
645
40
689
422
861
14
337
680
337
991
991
991
958
919
667
991
160
902
56
741
991
841
456
686
14
492
56
456
991
818
991
544
27
337
645
544
456
337
845
991
805
31
223
667
104
83
942
991
544
159
818
418
71
418
645
337
922
805
71
763
460
991
727
394
442
695
2
544
991
115
553
197
71
457
283
741
337
818
544
991
106
14
91
456
643
865
115
544
542
456
418
87
2
843
115
394
710
394
991
337
805
2
695
645
708
31
553
418
865
610
553
922
991
570
991
99
87
41
394
394
418
426
542
115
87
115
542
1021
351
337
577
41
972
394
544
197
643
514
394
883
815
115
542
736
24
418
623
815
542
115
886
736
542
87
296
695
929
674
637
394
80
78
461
1021
226
226
702
570
31
553
736
295
632
115
87
337
784
226
542
736
80
228
632
295
857
396
923
623
736
491
674
989
394
864
815
989
542
570
337
1017
226
48
228
87
542
695
389
48
542
632
635
48
115
18
1011
800
461
108
60
542
491
244
323
857
201
80
857
542
703
394
813
195
36
864
542
104
542
542
157
542
158
158
598
226
859
542
632
542
542
815
674
703
474
341
864
632
108
1019
859
542
408
953
95
395
467
130
408
157
426
1017
95
39
143
542
598
598
108
144
158
598
864
632
36
542
542
703
542
542
1011
953
542
339
880
754
642
783
583
414
476
542
879
736
474
130
598
632
493
542
153
949
598
864
632
583
560
542
598
598
335
572
143
598
598
880
663
642
542
213
705
537
953
864
414
130
96
482
598
710
996
542
143
339
542
458
233
174
598
642
571
143
493
96
705
421
335
1019
879
583
598
949
898
128
233
174
233
96
583
102
598
414
949
143
365
583
542
343
942
102
694
457
335
196
52
447
711
143
561
208
542
213
542
458
25
766
855
571
174
458
174
143
879
414
561
233
882
554
719
1006
855
188
143
705
766
196
414
766
571
711
571
935
571
980
233
128
598
414
172
913
886
855
143
196
711
414
882
571
980
172
766
571
980
640
935
952
882
196
226
522
766
855
226
942
958
733
980
78
592
174
228
441
537
143
935
958
766
188
939
46
188
386
798
180
646
952
468
78
394
640
798
571
59
172
62
113
511
78
174
128
571
414
958
386
733
564
711
113
990
911
545
766
935
980
766
96
565
935
592
626
882
228
713
386
226
537
275
62
492
54
83
678
441
432
640
56
711
935
829
882
441
766
928
454
414
56
386
882
707
432
279
56
829
766
62
269
672
56
766
200
386
606
386
623
96
918
626
492
450
993
228
766
766
777
935
56
766
441
467
672
279
815
266
766
181
766
979
149
56
766
300
62
877
16
181
174
466
56
815
979
420
815
147
882
56
48
454
98
760
62
258
281
147
466
454
766
766
56
766
766
441
877
48
386
46
343
80
766
766
639
777
766
935
313
158
147
618
418
760
766
534
460
266
56
766
1003
766
56
766
766
158
56
158
158
466
211
877
56
534
877
955
84
766
443
766
882
488
96
735
84
57
534
56
601
397
397
46
57
515
825
766
574
441
633
386
882
561
633
866
843
158
1024
8
147
418
836
534
875
201
57
443
955
297
1024
475
358
441
843
604
160
766
561
766
386
358
595
158
297
386
766
84
766
971
534
604
531
57
778
971
984
564
561
525
766
789
955
766
955
525
770
297
201
595
362
875
389
491
782
561
489
595
297
766
178
425
604
441
955
475
597
57
489
604
353
777
427
531
628
971
766
561
178
389
441
971
61
417
604
955
389
907
971
178
924
525
178
178
531
971
778
711
942
258
57
532
971
99
807
531
31
441
427
766
561
57
642
20
778
607
150
381
489
441
531
389
367
941
628
441
417
604
803
427
57
766
226
971
186
778
58
971
955
944
944
57
778
150
441
564
941
944
971
258
226
778
295
531
186
1012
258
424
441
441
942
948
226
258
295
1008
489
258
57
258
778
226
531
213
316
531
142
258
316
944
226
766
766
996
403
283
766
564
778
54
200
996
766
330
538
314
186
535
887
330
22
295
538
604
674
887
538
88
865
494
394
624
806
766
316
258
316
295
766
197
520
611
295
746
213
976
213
887
494
38
993
295
692
887
531
258
766
554
330
142
674
142
887
283
995
197
295
746
964
441
647
647
520
330
333
193
193
887
753
319
494
887
441
295
548
295
273
994
316
193
213
193
531
377
316
213
806
943
844
998
692
49
887
993
295
38
198
353
197
692
959
142
353
690
561
887
531
568
283
531
193
494
353
193
577
383
692
213
445
295
1013
384
213
383
531
383
454
333
785
506
994
568
213
568
745
283
408
568
110
213
408
283
87
87
752
189
998
636
752
189
107
692
328
531
511
213
110
531
1021
290
283
690
213
706
781
189
193
568
494
383
506
283
213
333
568
189
328
194
408
607
745
994
328
189
283
400
193
189
568
983
333
494
654
358
804
609
283
568
244
745
244
335
609
335
745
983
706
804
333
1021
636
178
1021
333
283
677
213
283
344
607
1021
805
244
745
879
189
745
189
783
684
333
876
333
244
603
364
39
993
538
204
635
677
39
400
162
706
243
706
335
162
189
635
4
636
937
684
680
480
592
783
804
935
805
503
783
794
100
603
410
1017
333
635
387
677
525
1021
680
876
1021
786
843
876
525
879
150
66
367
410
745
162
465
467
592
680
635
333
636
359
603
9
879
616
467
372
467
333
525
974
876
971
468
525
745
135
459
217
944
525
745
333
217
467
515
1017
468
468
928
445
876
603
525
924
468
558
445
876
924
1004
616
928
660
31
235
363
360
465
876
879
468
359
31
525
34
465
592
788
445
636
525
879
879
745
445
522
468
892
866
525
515
928
817
525
363
675
354
944
445
928
445
34
944
31
879
221
468
792
465
603
67
616
354
876
168
513
468
880
924
858
468
484
359
445
695
445
564
34
465
482
465
918
465
206
564
928
590
817
354
445
174
465
781
615
643
564
616
675
563
354
522
879
792
615
363
615
928
446
465
227
354
68
133
928
168
819
446
482
822
468
484
412
522
468
939
166
445
924
401
973
465
354
408
564
465
564
149
564
522
615
564
542
564
354
717
92
161
173
615
247
564
174
174
542
620
44
354
149
987
227
615
354
227
161
343
250
549
564
227
549
446
416
636
446
706
121
549
446
484
174
354
597
484
615
549
987
354
138
121
57
446
460
549
987
446
343
561
898
717
615
735
92
810
385
987
717
92
343
460
903
810
251
987
121
952
296
597
446
549
63
343
251
26
1007
706
484
952
706
174
446
446
706
549
694
282
900
92
836
343
57
706
549
4
26
460
839
706
611
98
282
903
706
460
333
995
794
675
446
832
794
978
191
836
242
995
1016
282
273
418
810
26
737
810
675
149
675
69
628
168
795
837
273
837
460
427
971
460
689
498
282
312
694
26
794
900
460
995
794
810
149
191
802
202
282
26
675
794
839
469
689
282
418
430
729
293
810
242
576
273
527
167
971
794
64
242
681
469
282
583
80
633
810
737
633
837
242
282
837
778
80
881
418
947
285
167
167
850
902
75
338
254
64
971
837
80
846
191
48
124
319
80
469
675
503
282
721
469
25
794
202
469
334
191
206
778
167
383
293
15
273
837
971
765
837
695
971
947
850
846
1020
971
48
167
338
452
794
875
794
879
716
132
259
840
947
135
703
947
191
149
80
452
226
134
762
716
191
947
675
80
947
338
511
716
134
875
134
837
769
875
741
293
167
134
134
490
837
695
862
963
996
703
675
947
971
374
904
1004
769
971
837
452
837
149
80
516
167
741
879
688
432
173
475
359
996
167
80
280
971
191
149
947
134
359
4
834
703
149
359
374
839
1000
675
426
971
172
716
868
703
167
432
947
837
588
418
374
359
1000
172
868
32
904
904
815
854
167
113
1012
259
113
218
790
149
325
996
484
209
971
357
429
432
113
508
904
149
227
868
934
917
815
374
508
149
149
359
314
4
227
438
227
172
837
214
525
981
769
971
790
971
703
51
418
971
837
330
261
374
325
555
779
4
359
214
525
971
790
544
748
431
431
651
703
837
130
934
965
934
525
508
790
359
471
544
544
141
227
911
544
544
783
769
911
792
460
810
67
145
544
263
431
431
323
870
971
51
418
853
359
971
402
141
544
813
657
431
872
5
141
837
934
657
65
4
141
544
965
435
51
458
916
292
512
656
525
491
206
914
631
965
460
508
145
697
460
257
544
141
74
431
810
428
145
132
971
141
911
141
914
934
268
697
4
657
378
51
38
801
965
911
4
431
145
141
376
691
431
837
145
837
428
155
141
328
521
295
145
729
145
801
965
446
145
132
4
911
884
911
376
128
51
460
395
295
4
597
257
597
632
818
145
145
514
9
647
460
378
4
521
545
934
884
586
965
155
378
155
1002
132
965
49
230
431
429
131
431
886
801
573
132
295
4
965
665
965
295
965
985
132
801
378
51
446
155
965
676
498
4
131
303
959
51
871
1002
405
676
303
131
959
886
230
717
985
514
303
676
195
937
722
444
926
303
387
115
576
561
98
75
346
303
373
63
760
303
131
438
1016
444
301
676
303
444
184
457
131
959
941
54
444
985
338
230
801
51
230
230
676
230
51
79
303
303
98
254
561
722
346
303
444
676
15
51
457
444
444
51
638
196
884
387
937
1
937
346
801
51
676
201
773
1
444
95
872
1
872
303
444
444
961
303
1012
991
346
628
1
444
444
15
490
201
196
303
444
498
303
444
230
629
676
444
164
303
676
1012
676
693
628
722
861
676
676
139
405
676
193
722
1012
410
628
991
676
285
405
193
961
303
429
676
640
444
285
773
872
640
56
297
303
444
230
303
922
824
92
676
724
303
346
444
637
640
713
303
1012
24
676
724
303
468
676
56
352
303
429
444
676
824
640
303
676
548
255
346
346
543
640
25
387
385
444
142
676
82
444
154
216
303
248
429
107
423
385
975
511
25
308
975
1012
593
387
107
303
346
324
154
967
82
640
444
651
1
100
735
975
548
142
676
1012
303
107
511
387
660
697
643
967
225
441
225
1012
593
25
548
729
346
428
15
423
444
666
534
643
404
724
303
827
60
676
651
441
490
643
303
1012
303
361
1012
977
643
387
854
1
643
660
1012
735
676
676
287
132
643
447
278
892
643
643
176
892
361
387
303
15
847
35
643
346
676
908
1012
827
735
631
643
519
735
185
840
387
735
605
15
441
124
179
1012
47
908
148
584
30
15
1
735
989
176
1012
200
287
892
854
854
447
148
116
109
109
605
37
658
450
954
992
116
908
15
795
908
35
643
612
558
668
735
447
932
658
972
308
934
450
605
664
116
283
247
152
185
424
854
993
15
470
525
854
168
612
896
148
152
999
35
974
400
738
421
250
735
738
974
558
612
711
612
612
87
612
854
735
612
784
261
316
450
63
204
854
783
35
87
696
152
400
971
677
711
226
261
992
15
638
613
886
63
165
896
971
612
137
691
612
612
854
87
87
649
854
783
691
612
155
971
770
899
568
782
261
612
735
711
998
35
425
989
612
946
339
612
735
568
903
783
124
273
588
261
946
783
182
612
612
782
577
514
872
485
400
251
946
770
612
612
886
850
35
854
453
612
612
400
894
612
542
894
612
619
854
899
588
612
872
481
854
998
850
612
612
783
343
710
612
5
849
192
373
764
635
523
735
35
635
588
299
612
558
710
453
221
899
40
850
872
598
738
991
886
710
899
946
710
612
783
664
850
946
894
650
102
862
598
359
899
517
850
453
710
313
313
585
55
862
585
626
888
5
41
125
270
577
48
585
598
222
280
398
398
650
788
710
313
850
165
747
965
610
696
862
442
102
206
899
862
817
549
904
102
626
850
747
533
650
739
102
90
313
1017
862
738
701
978
585
899
588
850
206
585
398
788
850
48
17
102
660
51
903
925
738
1017
204
549
533
965
90
928
204
777
788
965
385
703
788
738
204
650
446
533
204
965
738
928
767
286
364
788
36
204
629
364
152
606
90
1017
85
152
48
152
152
965
530
788
650
788
899
472
152
117
1023
530
767
117
767
385
446
312
732
484
518
36
965
928
599
140
549
36
998
204
36
650
117
549
549
549
221
189
176
36
788
381
446
176
4
209
549
326
899
152
788
152
1023
788
85
326
233
554
303
85
650
899
437
549
221
732
965
968
899
472
446
631
899
899
95
709
965
36
140
359
549
446
549
968
381
152
356
937
899
77
968
577
549
650
18
381
77
570
899
546
185
549
1012
326
549
907
209
546
549
899
43
549
907
574
356
446
546
446
549
546
773
748
668
287
85
968
446
1002
472
732
899
381
417
359
570
549
899
549
140
539
968
549
356
549
381
549
995
949
381
1016
549
1012
899
647
899
549
85
894
116
940
275
325
178
773
907
388
994
648
325
854
899
899
968
359
668
178
894
596
907
553
546
476
356
388
752
549
899
1016
968
85
553
732
381
899
854
549
714
91
388
1016
899
793
116
512
692
85
968
849
1016
907
356
295
363
275
917
363
668
940
894
907
85
741
363
363
325
907
443
476
1016
894
849
427
54
394
363
476
752
356
668
979
968
924
793
443
363
692
926
899
968
922
356
492
443
977
907
917
917
57
849
768
116
849
713
849
363
894
767
752
97
877
356
849
685
427
356
85
675
275
138
344
429
671
907
947
907
356
275
658
922
356
356
356
752
275
668
146
894
356
980
828
544
968
926
472
923
670
363
713
918
472
562
922
502
525
29
980
409
968
947
918
221
200
403
980
241
275
594
641
427
525
412
968
356
356
356
636
96
448
409
774
200
381
56
419
667
525
752
356
907
980
641
314
343
146
538
947
499
980
723
438
157
262
943
774
409
269
448
730
241
984
262
854
947
356
412
591
800
723
157
980
360
556
37
803
968
764
499
81
984
636
206
907
925
525
854
595
539
980
980
409
725
37
826
927
872
723
980
41
939
525
634
525
803
984
241
803
926
107
723
980
206
984
438
185
202
591
107
525
803
525
499
507
939
849
800
73
591
591
941
377
530
412
206
803
723
129
525
208
188
595
73
525
485
723
128
111
799
980
803
253
926
73
980
128
578
723
723
530
980
926
530
127
631
525
525
525
747
417
226
412
573
111
1024
525
926
128
849
354
580
782
201
129
525
473
73
530
833
616
159
915
851
679
723
188
723
206
128
530
260
415
73
15
752
723
163
616
926
128
18
580
118
286
915
980
511
573
723
1023
192
118
129
699
129
679
32
782
723
980
723
286
723
723
323
980
1024
86
580
915
539
530
782
286
148
637
613
194
128
224
23
910
926
299
286
530
87
915
825
125
723
980
530
980
499
605
723
1003
511
86
584
530
580
32
646
638
103
638
192
574
915
204
773
103
86
571
128
851
323
1003
286
224
128
530
926
770
86
194
148
86
915
770
530
652
792
972
125
299
224
128
873
224
192
299
214
754
652
530
296
418
652
980
723
531
692
241
128
448
86
497
753
511
214
86
224
524
407
926
915
723
827
214
86
241
996
530
760
652
652
224
530
770
147
622
47
95
430
59
527
780
692
430
187
770
794
923
958
530
998
635
775
511
827
794
531
534
761
530
296
430
448
857
652
524
430
460
775
376
761
668
761
252
981
620
668
70
652
407
430
987
235
427
430
775
121
70
668
664
280
892
980
430
712
531
230
24
652
668
877
524
877
70
958
534
664
293
827
668
213
430
70
430
430
478
223
213
121
280
339
73
280
339
235
889
293
652
339
775
121
223
79
230
934
668
407
241
981
79
889
780
430
654
293
862
667
478
121
320
430
735
708
73
667
509
557
430
667
719
24
213
1018
602
936
73
735
73
293
80
188
280
320
27
353
889
317
339
79
27
73
280
280
94
846
1018
377
519
280
430
708
708
733
52
381
254
368
971
80
24
141
94
709
79
889
280
853
268
1004
719
598
188
73
288
280
52
708
737
73
786
719
708
878
317
141
479
880
361
109
1018
27
160
363
860
80
317
709
268
361
73
160
58
203
268
709
588
889
880
24
377
201
973
188
598
733
910
317
708
500
871
853
641
109
216
719
216
719
80
506
152
392
598
779
317
62
152
978
733
66
878
160
363
708
152
1010
22
1005
540
261
779
109
671
111
268
733
22
22
709
708
597
201
66
760
708
978
152
712
709
594
708
978
978
946
152
978
152
216
22
729
563
268
392
268
904
373
531
597
454
779
22
830
1005
594
733
705
109
708
253
540
770
649
9
392
580
580
392
972
22
724
152
830
268
975
724
651
708
103
800
22
708
709
720
649
597
709
709
22
946
528
729
392
268
528
79
729
580
268
413
978
442
580
189
868
392
268
531
954
651
470
120
469
868
594
729
1002
708
268
971
709
729
651
469
254
142
971
978
803
435
971
204
599
22
1002
35
594
1002
306
708
429
259
580
729
729
803
268
306
212
268
491
939
724
708
435
58
254
491
848
268
527
250
619
708
85
708
58
315
971
708
868
903
600
978
49
306
729
22
644
689
142
708
305
429
85
971
408
600
583
491
741
209
155
306
250
62
419
85
42
729
1015
22
259
137
268
58
729
978
708
292
155
333
432
708
351
163
790
708
155
292
58
163
306
555
155
22
619
292
366
358
971
268
179
574
776
224
664
463
708
14
366
436
174
822
790
432
1000
419
978
790
971
306
65
416
61
1000
972
224
333
708
978
224
376
641
58
729
292
306
268
935
708
621
668
61
163
376
998
708
224
897
555
416
436
419
58
1000
358
22
664
978
65
790
163
978
268
664
224
972
469
978
171
376
594
283
835
801
708
407
51
790
555
469
61
78
247
708
978
99
61
419
696
555
802
279
897
820
852
708
309
708
982
926
61
708
61
128
328
59
698
664
1000
419
978
978
626
838
820
226
393
343
22
9
645
555
309
594
343
56
594
736
419
897
59
279
838
822
645
358
358
105
708
406
9
61
924
301
736
897
149
708
330
343
649
626
105
67
149
664
149
708
664
806
291
400
309
67
61
897
978
266
328
664
586
149
301
400
645
301
266
820
852
61
328
14
916
977
328
328
820
708
645
380
897
897
330
708
998
328
958
266
820
286
626
291
708
586
736
897
400
836
897
203
125
567
67
526
400
301
46
128
978
266
586
523
52
400
203
820
239
266
13
330
864
286
128
241
849
95
128
216
885
217
916
400
380
864
174
328
820
121
750
291
897
864
104
128
883
584
513
883
241
958
864
400
400
400
769
974
736
714
536
750
958
512
241
1008
291
291
551
324
899
467
885
241
523
209
289
467
584
631
268
903
644
974
584
1017
849
241
964
104
2
341
842
691
2
160
459
2
750
1017
794
631
842
324
513
864
980
782
391
994
2
712
2
2
714
842
375
769
994
631
2
849
108
714
268
980
94
289
903
849
714
903
1017
271
52
782
631
1017
631
903
849
714
375
1017
714
849
714
914
849
805
662
293
108
560
691
750
513
1017
164
631
996
631
74
776
268
94
513
513
805
355
784
662
74
903
89
903
443
965
834
74
52
804
455
903
289
74
805
746
805
421
455
1016
247
515
268
62
903
489
385
289
520
746
419
399
355
391
691
489
293
89
746
560
836
750
560
1005
746
157
164
140
391
391
157
850
537
1011
268
172
253
268
746
62
268
74
214
485
421
374
389
903
18
294
268
769
520
489
46
391
910
601
551
327
864
746
5
26
201
419
268
520
314
172
157
869
520
746
287
399
62
157
1011
287
157
273
202
172
214
229
23
443
1011
525
201
62
910
489
910
683
213
306
157
74
374
489
568
355
533
255
583
551
601
32
864
391
1011
569
86
172
756
907
48
374
971
497
202
172
669
287
3
26
545
229
201
26
950
214
746
863
32
631
399
172
202
533
157
950
1011
489
201
910
247
247
494
518
437
746
746
3
971
121
950
322
201
785
322
32
583
202
863
66
975
374
530
489
494
289
489
583
234
720
26
975
389
19
544
201
477
430
975
1011
826
157
489
26
440
921
957
201
437
391
391
1011
345
533
805
1022
289
437
437
468
914
805
489
980
468
318
806
1022
950
610
746
562
583
583
572
374
389
735
430
66
437
468
374
1023
802
1011
389
318
430
391
468
391
583
755
318
545
957
999
755
774
533
366
917
902
391
26
755
755
437
914
315
921
1023
437
246
1023
755
746
430
26
289
104
26
499
468
755
281
583
437
1023
533
72
583
318
374
391
468
389
1022
755
317
1011
289
420
27
914
653
317
26
838
468
262
391
268
315
926
545
838
391
317
598
391
26
444
53
391
627
292
412
755
779
627
437
318
289
545
289
914
583
430
653
972
1023
811
391
437
499
1023
494
583
33
838
933
310
289
289
391
545
188
896
933
468
391
908
391
456
1023
442
447
838
430
525
1023
351
391
1023
914
1023
289
452
289
933
33
494
447
827
437
988
188
289
391
546
437
1023
391
437
914
26
289
1023
184
442
213
153
441
979
562
138
993
391
619
910
516
391
391
452
289
988
526
619
171
452
456
327
290
473
919
516
933
437
93
437
184
213
289
26
437
298
974
289
289
131
988
236
696
546
326
26
993
26
206
993
993
26
157
452
122
585
206
452
122
441
184
456
910
619
974
522
456
976
974
391
505
437
391
988
619
457
391
933
976
728
407
298
993
965
206
289
441
993
358
993
585
456
236
441
697
696
361
576
202
190
457
867
993
974
456
720
867
974
456
456
739
620
441
441
811
456
452
988
452
184
424
384
136
452
921
893
836
441
424
391
236
456
441
391
130
946
620
993
289
921
441
993
184
456
99
566
202
360
441
524
391
441
452
974
424
360
764
120
85
456
623
441
957
620
566
184
