8192
590
562
72
223
781
973
644
463
799
415
300
196
872
159
946
27
139
570
161
345
930
985
178
561
412
710
842
536
434
109
515
290
293
818
740
879
691
714
356
133
73
604
453
206
965
361
701
975
285
560
1008
1009
906
772
607
466
737
493
116
458
389
270
511
436
847
324
554
989
908
665
230
128
546
30
627
804
559
381
395
754
499
642
4
106
285
579
61
27
217
728
167
674
174
914
130
469
485
496
398
638
143
515
92
383
961
739
785
721
546
327
907
943
235
670
439
784
429
141
400
537
384
481
487
851
343
335
575
266
535
918
770
324
1015
857
492
844
27
635
761
586
615
756
692
601
190
715
354
1001
153
365
781
37
837
708
432
282
540
427
447
166
97
92
930
829
342
430
270
281
823
458
252
798
358
446
966
603
50
137
1014
952
23
825
939
522
775
144
398
384
698
603
184
927
764
701
174
319
384
190
546
384
383
384
184
723
699
548
772
285
561
586
723
112
13
772
469
638
586
410
562
302
649
299
756
410
756
171
721
262
756
275
280
219
601
398
554
80
733
907
674
483
601
549
275
820
905
730
733
219
905
496
837
153
305
219
293
559
182
383
905
383
130
535
846
573
251
458
446
1024
23
293
167
342
544
383
23
130
601
546
474
798
354
775
427
937
383
961
166
383
462
243
237
190
383
410
961
521
548
383
38
644
9
302
23
688
537
975
601
469
383
601
548
773
383
905
259
730
378
50
201
975
40
410
644
616
817
989
989
201
733
432
733
745
616
435
472
282
741
435
411
19
41
549
647
410
905
105
835
293
598
873
500
450
308
802
679
285
319
757
997
358
966
910
598
418
349
474
610
495
586
757
424
396
757
153
230
615
384
764
601
251
820
610
716
383
586
544
50
383
817
383
764
166
383
919
318
251
215
166
293
721
243
375
146
209
491
318
306
201
298
733
800
756
899
219
196
697
224
908
298
930
496
930
420
899
343
259
975
627
841
196
723
196
430
920
75
625
229
196
975
574
440
220
629
430
757
107
757
383
548
518
314
825
471
573
589
613
41
589
961
752
758
449
435
243
365
803
803
251
752
589
824
383
302
243
1001
758
204
966
764
706
365
584
258
777
709
584
484
777
328
413
616
875
741
383
930
374
268
687
724
615
1024
224
411
374
268
474
105
732
479
193
215
410
251
224
764
224
420
415
933
343
105
356
224
544
969
910
15
396
1017
474
156
665
429
15
844
510
667
224
298
440
978
229
293
601
130
171
318
598
651
757
701
584
805
575
306
805
457
575
814
75
383
694
526
318
448
943
938
512
158
177
961
220
788
328
959
305
196
1000
229
306
1014
160
11
413
306
92
660
764
830
262
764
197
1001
629
949
466
92
822
218
908
383
413
954
224
251
430
797
365
365
850
930
850
497
850
443
19
396
746
542
544
215
26
447
968
975
291
961
86
328
1022
99
2
184
544
18
926
741
764
648
213
288
696
121
961
544
184
528
765
494
589
71
909
224
288
105
268
196
948
243
764
689
7
519
53
638
948
741
196
413
9
661
648
420
358
108
9
25
397
108
374
255
25
207
422
608
497
144
19
212
11
27
575
397
1009
589
212
1017
497
488
440
497
973
651
473
579
733
159
949
565
933
121
317
710
1009
84
765
868
805
837
705
317
862
443
229
575
184
716
667
909
868
420
71
420
413
87
466
413
508
291
400
889
200
614
253
960
477
253
5
180
554
526
291
748
704
629
253
660
908
253
81
915
819
526
1014
955
696
819
850
800
443
1014
9
973
52
424
949
677
850
424
544
634
655
7
135
902
424
733
765
19
919
443
1017
579
1008
116
497
497
9
135
934
255
299
995
635
741
955
764
358
351
121
299
973
429
963
635
305
458
351
397
351
889
358
609
121
435
301
131
317
301
184
458
304
880
705
154
286
121
1020
121
659
575
896
657
121
15
868
659
849
1009
413
1020
1009
968
1009
413
453
71
1009
453
526
234
355
508
748
881
287
107
526
1014
215
497
717
420
1009
497
497
819
704
283
317
291
253
85
889
464
853
635
908
304
566
868
166
638
565
184
554
232
458
705
229
232
629
135
345
151
875
543
232
232
478
443
882
443
127
722
751
116
573
1019
508
849
1019
704
328
301
663
805
452
722
574
424
952
19
60
911
634
132
824
979
148
1009
464
425
630
819
734
692
795
889
657
497
657
889
14
402
303
795
835
14
250
545
889
145
655
929
497
424
1008
908
526
7
835
889
1008
965
1017
662
662
135
109
889
497
304
458
221
875
336
179
1017
154
328
1017
356
71
657
374
251
453
554
251
203
931
722
203
424
491
637
121
1009
704
637
865
989
251
251
251
754
424
491
1020
575
704
408
967
424
351
351
270
142
642
142
303
429
554
881
184
881
328
89
1009
142
142
349
860
179
283
908
722
138
167
1024
283
985
142
424
544
985
14
1008
530
882
722
832
14
649
747
790
443
177
1001
657
207
221
14
145
343
882
780
308
251
297
894
642
535
808
894
662
135
211
834
835
662
308
135
308
931
368
116
132
701
445
377
692
142
388
786
664
132
1009
931
849
509
431
223
731
967
179
334
931
559
142
835
303
328
92
167
1017
772
733
167
704
881
487
402
251
575
270
526
992
832
225
912
874
599
303
837
874
214
75
143
251
257
957
368
233
336
179
466
491
985
985
251
998
290
985
14
251
336
121
832
330
1008
998
832
637
349
511
171
92
692
587
832
1020
135
688
688
721
349
308
556
328
832
737
123
985
706
1001
308
637
132
349
1024
631
14
748
135
530
985
88
747
308
985
349
661
349
935
435
383
436
985
786
233
383
142
554
967
661
142
912
941
142
755
941
526
786
941
253
487
233
1015
554
941
837
500
775
837
35
790
487
832
500
1015
1015
413
14
637
500
714
14
308
290
790
135
439
875
690
77
267
642
413
125
330
288
790
135
132
233
935
132
439
223
672
12
476
802
37
951
142
746
514
257
985
802
142
142
256
256
909
434
1017
974
443
631
266
856
178
769
523
967
941
9
491
487
142
221
523
417
172
179
554
284
328
882
565
457
981
466
884
286
559
559
530
941
398
328
545
179
491
616
228
545
315
545
530
14
737
500
77
50
135
554
932
737
223
852
932
835
82
349
239
985
985
794
349
135
838
14
58
661
142
132
642
517
297
349
439
671
616
1015
492
688
509
789
899
559
330
832
882
938
516
434
661
253
266
460
135
509
261
941
509
726
135
736
661
179
675
332
179
466
544
554
553
487
747
747
487
487
692
556
545
947
69
466
776
746
63
138
790
318
123
256
37
286
562
142
135
286
848
677
545
398
14
794
802
430
880
430
330
721
1024
509
64
6
933
542
247
247
223
693
132
391
62
790
266
509
305
559
967
693
852
577
289
737
315
308
932
328
285
328
131
737
308
554
481
517
737
14
932
77
239
131
510
138
179
818
928
825
487
239
104
961
58
500
487
653
941
545
562
661
556
25
134
134
545
164
562
736
653
542
880
544
6
736
661
746
474
676
315
314
941
721
950
1021
348
880
852
941
638
253
790
60
752
175
336
903
6
9
941
266
834
349
941
747
854
509
142
648
142
330
510
9
555
357
868
747
854
586
908
947
510
252
860
330
985
466
737
947
586
487
947
848
586
159
469
103
849
134
848
391
562
365
705
686
852
308
692
232
484
849
916
956
852
947
818
430
916
474
437
557
173
173
531
387
203
711
305
638
9
715
559
223
848
788
37
577
104
314
995
545
767
101
398
802
109
11
545
688
649
157
989
330
288
765
588
863
748
863
871
637
473
485
380
62
1002
129
1002
852
880
332
852
932
547
8
825
963
367
239
12
518
482
500
745
213
315
9
941
101
406
52
668
760
941
474
668
484
737
341
58
937
908
2
746
266
500
545
586
756
117
747
350
951
365
31
913
429
9
557
545
193
585
225
487
101
947
24
340
193
175
462
549
214
585
585
890
833
731
9
175
151
849
288
970
413
430
232
823
985
312
213
142
132
104
495
469
303
545
134
40
818
602
994
545
602
480
737
586
437
790
603
642
944
498
736
782
848
355
603
602
85
1018
62
191
402
498
11
944
577
948
948
782
944
288
871
772
1002
611
507
361
276
328
2
658
390
848
489
117
157
559
104
445
8
825
351
80
511
975
938
737
587
288
57
955
789
363
293
363
961
975
57
483
62
288
927
165
193
989
879
586
789
483
586
932
373
603
438
395
406
890
425
355
239
40
317
413
78
450
745
772
373
254
332
104
760
559
865
747
737
139
585
760
745
139
745
244
141
747
19
862
944
862
592
703
31
611
747
71
195
793
213
276
803
328
587
904
836
361
587
730
590
602
213
316
316
104
803
781
970
782
669
906
316
989
629
826
273
781
438
316
157
8
26
898
293
112
811
900
104
603
794
848
7
413
316
765
392
948
239
603
975
592
585
104
106
975
1002
673
786
353
995
603
1002
975
925
793
995
363
1002
373
580
595
2
462
929
293
363
853
625
173
587
747
275
404
497
62
404
592
745
293
2
78
585
104
163
425
186
363
163
204
426
902
469
78
570
716
581
902
157
80
361
851
392
165
902
516
761
165
953
668
413
392
237
132
634
487
358
66
395
465
836
669
465
450
262
260
745
703
311
587
373
592
413
853
906
611
597
703
508
580
234
131
404
745
460
713
1002
57
42
207
179
131
508
112
632
782
139
383
212
163
539
187
876
199
244
363
876
213
673
361
104
747
361
876
571
81
176
254
917
836
239
78
602
147
163
552
224
807
592
807
552
929
180
441
362
674
587
422
252
396
929
783
830
929
585
444
783
154
180
363
972
427
910
165
574
793
413
601
793
438
716
204
838
972
544
413
397
198
858
260
163
569
182
115
1002
98
108
745
177
902
125
163
569
299
799
902
163
163
403
460
262
469
569
350
304
104
262
678
34
262
469
62
469
669
876
454
875
835
1022
460
876
163
853
487
906
98
163
1003
782
592
104
484
460
163
465
465
465
150
358
571
179
1002
445
782
408
597
906
660
745
835
399
597
876
358
910
206
288
163
424
163
781
413
559
103
559
399
493
163
260
98
587
630
944
944
630
793
260
239
751
98
237
383
351
858
1022
876
464
187
1002
299
929
782
260
708
981
665
501
929
899
858
876
578
37
929
492
299
917
252
176
1002
104
876
104
523
888
793
917
2
299
154
597
781
125
95
906
773
104
451
233
1002
454
597
172
233
5
882
62
955
783
724
484
724
882
317
207
817
454
63
272
72
358
484
763
465
658
574
445
207
465
607
588
902
399
58
116
434
182
876
237
902
782
902
799
383
640
782
182
640
597
538
163
53
782
538
552
68
41
327
787
358
1022
245
154
660
304
1002
964
304
592
154
491
817
492
783
916
711
423
408
906
906
876
465
752
460
163
741
906
793
421
260
127
571
571
944
944
776
378
571
172
2
67
399
114
233
559
642
597
990
927
361
233
233
154
172
355
782
702
413
683
681
862
234
485
990
198
233
615
615
683
588
182
773
187
1002
862
429
537
21
966
252
733
862
968
187
451
95
187
817
733
384
902
187
890
404
496
490
711
451
95
994
328
85
607
207
944
596
451
229
299
765
798
328
617
421
569
1022
782
588
421
782
63
765
265
495
531
193
328
657
132
610
610
413
782
798
615
328
52
799
540
538
154
68
339
228
456
68
372
540
456
683
799
155
67
943
310
383
447
683
642
53
67
331
23
994
597
876
67
404
237
364
300
613
42
576
817
42
437
570
230
462
237
570
275
741
63
862
154
588
571
408
711
891
85
379
731
711
304
956
965
331
694
115
642
233
531
642
95
16
277
967
338
209
966
454
848
702
540
228
540
45
763
540
819
233
123
605
123
615
799
540
102
591
945
867
540
225
314
252
801
781
118
668
557
67
331
123
447
437
925
451
751
765
751
625
67
18
336
397
187
683
260
516
437
214
751
187
397
966
250
187
489
610
765
397
83
683
397
489
616
616
397
782
607
393
984
958
642
657
782
334
487
115
624
451
334
337
763
1006
67
47
452
164
228
237
487
610
295
624
462
337
328
534
852
237
332
62
863
867
588
437
867
711
84
413
967
67
588
741
538
998
801
925
251
741
756
437
20
485
605
485
540
741
473
891
251
864
96
251
826
61
303
514
251
395
790
731
273
494
740
891
43
801
891
475
610
452
307
613
801
610
230
790
824
481
43
900
669
540
433
679
392
902
814
65
433
102
540
228
899
642
346
749
987
902
115
382
337
534
741
619
453
629
447
480
331
642
998
447
810
654
534
874
67
64
67
67
187
794
425
171
118
328
229
647
642
625
277
642
67
448
336
448
538
801
61
801
448
570
763
570
755
852
657
763
852
487
272
125
108
337
114
187
530
264
462
852
299
413
720
304
162
740
30
44
228
967
763
806
328
304
588
618
332
158
726
228
588
189
967
460
823
67
670
801
481
304
902
693
828
425
481
155
218
187
538
823
810
866
115
846
67
180
866
126
203
43
303
433
367
335
269
921
621
887
201
1013
530
210
642
629
931
230
763
341
741
458
543
986
43
861
475
746
900
475
782
65
380
814
214
740
212
331
985
108
453
741
625
111
475
226
332
452
16
559
16
609
585
307
437
852
36
609
642
755
975
452
218
452
647
145
481
874
647
751
609
697
902
806
203
975
975
161
218
61
647
337
71
272
823
564
630
538
43
71
696
462
555
647
861
974
934
115
403
162
555
1001
264
823
1001
861
304
155
63
26
569
162
869
63
676
105
846
763
477
264
43
155
298
435
65
487
996
542
887
846
518
335
65
993
955
74
996
187
44
996
751
44
549
806
310
598
598
337
68
118
36
1022
343
986
310
388
65
262
214
543
573
819
307
2
443
912
65
486
693
819
390
696
210
214
593
846
161
109
386
836
988
43
161
883
803
804
50
61
4
36
376
514
883
161
269
85
35
974
518
887
413
962
214
9
240
766
264
264
676
212
487
264
516
437
696
151
65
325
1010
559
264
74
996
597
355
702
85
543
555
437
443
71
870
993
979
343
908
452
343
74
609
696
63
126
394
609
372
390
201
68
912
304
823
548
520
159
63
71
477
390
161
737
162
63
528
576
310
905
964
564
396
281
687
846
278
50
335
479
887
1001
549
212
905
462
70
78
613
995
887
118
531
73
555
995
99
1022
887
901
789
554
543
1021
676
764
531
543
161
310
766
808
117
65
893
543
893
74
738
996
668
543
369
864
310
983
376
437
893
543
36
743
16
622
1012
996
50
727
201
516
528
477
129
582
543
419
36
4
923
744
36
50
4
628
477
343
340
210
452
4
863
390
799
784
887
883
1004
145
52
343
784
63
504
609
612
879
413
555
37
63
343
174
37
151
673
355
189
350
413
609
974
214
37
969
214
394
638
600
825
974
436
832
65
78
117
353
151
336
368
238
638
638
368
929
842
756
355
638
893
368
1001
625
201
815
113
625
528
989
422
183
368
145
641
198
462
1017
99
1021
982
700
366
63
676
976
991
490
447
4
147
224
176
982
477
622
558
539
923
476
53
260
108
490
369
864
675
887
799
555
558
322
711
840
259
684
161
628
999
161
413
745
638
36
661
413
602
543
376
16
822
1011
368
661
822
368
516
879
343
74
638
996
602
37
214
602
368
65
602
291
345
336
143
368
850
579
291
214
576
834
602
997
345
336
602
388
485
941
770
778
974
615
628
555
477
997
778
854
336
770
293
10
413
770
336
784
770
947
552
490
744
942
956
524
838
183
638
270
469
447
982
373
989
947
447
255
118
368
195
1000
48
893
427
929
934
65
183
336
427
982
498
975
65
368
74
553
65
230
677
602
602
867
183
758
1021
210
224
908
974
602
37
857
543
857
27
857
36
183
260
91
822
149
103
602
999
108
359
620
770
956
864
336
214
999
602
659
168
270
676
688
770
584
215
79
659
392
336
661
524
260
661
217
982
427
118
413
603
602
345
588
638
235
596
725
199
427
359
36
368
946
65
997
270
641
989
359
770
37
656
359
385
5
771
878
444
388
368
934
559
210
857
230
128
5
974
359
879
941
678
447
427
500
770
602
792
982
469
976
792
81
210
602
918
784
810
982
982
792
563
982
373
620
602
183
373
602
832
255
118
934
469
195
467
469
911
956
373
577
566
572
469
956
392
953
956
325
567
552
136
49
870
325
946
661
325
283
993
260
982
444
861
812
260
579
659
214
603
260
474
36
974
336
929
579
65
259
36
65
641
830
924
138
199
511
427
1
230
469
421
974
266
413
265
427
378
693
934
380
278
385
529
373
260
200
132
154
267
918
427
918
999
499
278
320
567
791
806
740
956
620
151
49
278
659
388
459
151
129
450
879
235
380
325
500
260
698
570
250
27
559
69
537
668
677
772
770
650
314
212
81
575
553
741
956
593
963
956
575
136
963
982
260
388
905
469
136
905
956
956
183
380
956
878
136
61
388
467
445
953
388
210
136
485
982
522
247
982
296
447
515
861
250
103
799
259
126
256
944
24
101
75
247
296
368
566
507
577
577
260
421
347
694
577
385
260
567
75
694
567
806
200
537
977
378
511
706
811
795
603
580
537
212
200
956
706
751
575
819
806
544
656
924
141
248
575
325
956
65
465
490
760
465
974
265
982
715
81
204
956
421
119
974
681
19
893
771
373
421
260
100
459
183
869
260
466
380
770
136
376
935
260
522
295
388
1000
567
594
154
836
447
6
136
380
387
567
935
260
6
943
499
317
499
200
388
257
794
6
861
56
676
347
550
69
577
679
8
288
656
567
419
559
986
806
370
304
944
567
149
88
543
15
59
300
577
79
852
694
567
694
24
924
347
459
380
24
15
956
982
256
15
183
884
447
132
368
836
136
432
136
103
1009
121
797
749
694
783
315
944
490
257
431
575
654
121
1000
956
978
656
861
662
751
242
656
543
860
860
1023
139
662
857
141
230
212
525
141
212
349
200
6
260
865
16
6
760
967
559
751
92
25
525
376
507
111
567
480
581
893
679
6
368
265
537
136
688
108
59
363
59
966
256
920
460
672
967
536
136
943
926
656
317
338
442
176
386
893
656
183
347
287
386
200
12
15
519
459
809
136
386
136
238
370
694
253
982
121
466
260
836
753
103
980
809
431
809
260
242
378
260
149
892
944
662
738
399
956
246
567
432
819
396
300
545
432
583
380
265
944
860
577
944
962
59
144
986
860
144
567
288
986
103
260
631
72
865
567
896
631
537
694
305
109
982
59
782
537
16
259
928
623
296
672
536
386
581
893
89
25
581
480
956
211
893
470
447
186
466
893
1009
260
186
3
936
1009
456
797
38
3
917
931
548
103
1009
316
934
260
809
121
380
300
797
931
141
738
920
766
797
966
545
578
977
797
760
300
569
918
760
738
760
557
269
525
300
17
751
85
890
121
998
17
918
553
822
525
680
410
377
110
377
459
237
342
186
728
98
567
373
738
738
85
59
237
31
640
391
541
103
326
956
519
58
748
85
296
144
1009
811
553
965
135
761
169
135
471
809
349
217
602
85
769
135
138
19
836
59
97
127
471
235
170
809
809
809
768
658
944
694
896
760
738
797
893
869
260
890
893
182
733
869
1011
420
581
861
910
553
947
281
420
738
679
121
117
354
55
192
141
956
234
918
123
17
89
956
237
680
17
641
10
225
758
797
237
1010
498
525
372
85
216
471
139
714
895
641
965
326
103
158
738
545
265
183
300
103
232
918
979
367
993
517
85
161
1
548
809
918
912
495
455
17
914
247
320
809
914
851
998
954
1
760
247
247
118
809
777
965
797
832
896
680
918
103
247
811
855
755
738
483
103
342
221
293
55
98
85
459
549
391
169
902
283
377
293
889
278
442
334
1001
902
442
132
907
57
641
436
459
889
861
299
141
451
621
861
139
979
77
947
135
552
247
465
311
17
912
1
966
127
341
552
17
495
403
966
893
498
912
832
281
86
328
146
107
17
736
237
59
755
1024
471
896
949
769
420
55
320
103
694
850
679
694
121
581
932
504
626
420
1
236
335
295
140
967
57
406
278
354
334
278
993
826
135
990
334
720
998
467
622
622
152
130
429
216
429
689
897
135
794
147
834
391
517
834
622
914
559
421
338
284
459
112
86
116
794
1005
46
1005
700
914
1005
760
95
367
863
811
659
521
521
111
966
436
1024
947
863
760
852
293
17
916
1
320
85
925
293
979
861
135
998
459
391
769
222
389
682
538
391
211
247
1012
549
622
110
852
429
863
714
393
697
763
130
60
88
896
129
622
761
878
236
697
236
759
993
717
540
914
63
926
585
1
748
760
581
1015
230
125
89
861
693
320
152
760
668
272
935
573
794
734
693
794
198
682
638
552
636
690
668
559
374
505
420
573
521
573
122
420
237
932
85
826
732
429
951
345
694
573
740
453
949
222
420
521
191
541
335
284
60
760
1005
990
852
914
339
890
247
504
541
755
12
760
192
692
625
669
247
96
293
354
628
234
135
631
997
257
112
622
588
354
125
605
147
628
863
697
753
1024
641
523
420
144
276
20
108
582
760
951
85
1015
861
9
429
405
962
272
1004
668
178
690
539
763
300
1004
122
863
863
551
760
1004
130
582
852
794
540
863
782
552
993
174
440
335
698
338
113
521
738
248
293
986
1
593
698
514
247
761
248
908
962
293
1
578
578
675
234
826
693
1010
514
682
180
247
180
682
128
406
556
521
453
573
669
184
1010
635
420
732
521
128
193
682
565
820
410
523
1004
420
739
760
437
828
191
223
820
42
734
437
668
760
846
42
932
685
540
902
844
226
773
14
997
150
32
491
573
332
1004
990
313
1015
668
347
506
342
338
383
293
602
85
78
347
440
85
338
951
922
760
1022
690
852
247
78
719
469
792
951
473
753
81
776
1
1011
1004
792
43
26
618
690
1011
960
826
1004
16
635
247
419
1004
859
863
474
863
830
1006
202
771
127
794
745
16
1010
846
907
579
122
523
168
14
65
564
225
268
730
1010
290
293
739
293
42
178
820
440
1010
854
128
1022
529
1022
544
174
891
682
41
193
796
134
895
880
38
394
406
223
313
345
74
281
134
521
1
895
716
264
521
321
773
820
573
588
761
644
942
820
682
363
521
812
283
78
219
221
820
540
469
1004
74
830
682
78
32
812
951
1010
842
42
420
78
388
1010
842
78
839
383
839
42
863
338
78
768
16
922
335
854
830
465
409
218
932
259
922
466
466
466
293
960
998
1015
440
78
1022
866
998
466
960
386
466
99
1004
38
990
608
466
343
63
466
153
140
342
796
771
1011
907
796
796
466
99
78
796
769
388
635
14
440
251
42
820
251
74
1011
202
320
383
252
43
1002
860
812
246
304
268
194
980
32
925
907
32
982
228
281
161
304
221
38
830
682
194
363
32
991
221
580
161
63
269
852
315
79
730
181
434
648
65
666
332
730
211
466
140
331
505
181
932
505
292
932
65
406
466
903
99
682
78
292
470
181
855
342
998
357
42
645
3
134
466
231
960
114
1005
78
422
951
906
1011
998
195
725
998
725
161
820
214
219
435
932
725
725
667
536
1011
700
909
475
268
304
784
1010
466
960
635
843
860
363
194
211
475
1
1013
466
830
837
257
78
124
602
472
466
996
386
96
696
466
820
843
432
830
466
225
782
134
343
466
380
998
466
998
194
64
565
960
726
1000
998
1011
496
25
252
71
980
211
315
38
161
64
716
214
906
682
198
206
482
332
475
1011
78
932
972
754
181
505
972
221
932
194
268
725
466
268
448
572
505
300
181
786
221
903
932
771
519
79
470
61
91
75
739
299
505
852
310
703
119
320
925
648
817
648
401
329
310
63
13
60
257
911
177
274
100
77
78
648
799
805
831
725
843
276
60
276
911
70
834
895
195
126
932
895
17
960
3
269
78
438
1012
435
912
572
860
713
932
466
786
315
166
491
466
1015
912
932
466
754
150
1011
786
181
1013
1007
1011
1011
560
640
826
482
124
786
470
640
775
69
202
497
324
24
304
716
1009
296
932
980
716
315
576
739
1009
576
843
698
628
801
1000
1004
923
466
895
648
976
773
584
14
14
67
38
939
943
726
120
75
998
475
448
195
712
943
586
161
214
1008
939
608
144
953
817
283
281
484
70
269
712
62
528
898
13
166
17
281
895
69
1010
786
380
276
631
932
475
786
702
980
775
1012
124
347
640
932
932
563
365
573
155
347
475
893
579
347
216
925
731
78
983
805
801
893
893
216
556
786
216
998
14
310
626
747
859
895
181
903
56
850
859
281
399
195
641
62
884
504
204
209
62
840
763
840
737
972
665
251
883
960
311
102
484
652
271
202
586
591
211
133
740
586
553
269
369
347
209
491
67
625
987
586
827
425
211
14
14
470
577
775
845
27
672
672
1000
24
805
310
672
584
665
67
672
948
17
956
62
188
786
867
283
833
506
14
115
315
346
222
727
506
859
50
739
694
347
347
506
701
208
833
38
925
939
120
925
838
347
850
1003
208
151
983
14
841
77
994
983
91
446
942
70
983
566
195
1019
893
746
841
893
556
556
893
859
484
209
211
778
883
69
124
925
777
777
937
812
579
786
728
440
879
69
362
778
727
211
893
696
553
78
223
990
893
134
921
721
110
275
182
388
309
211
158
287
434
181
182
973
309
748
739
381
381
939
434
680
369
174
67
275
739
642
108
209
739
885
615
251
288
102
90
739
739
900
840
254
310
733
90
466
311
958
992
958
586
983
877
405
791
983
211
983
777
1000
20
491
889
169
530
1019
269
778
25
120
728
1019
347
251
23
740
777
452
144
841
110
422
696
778
707
255
925
786
452
452
694
24
14
194
925
550
796
680
641
969
955
556
837
700
975
677
136
195
611
317
550
764
799
552
310
110
799
526
496
517
381
124
38
219
589
382
69
69
164
825
936
825
639
136
229
825
142
219
261
209
992
349
315
78
739
894
553
106
275
25
78
777
893
629
440
841
733
939
522
309
908
871
309
586
784
413
526
35
939
861
518
413
466
306
24
166
900
696
503
207
777
142
396
770
432
604
889
976
1007
611
984
500
477
13
889
648
38
550
554
76
884
99
92
775
611
589
37
768
315
23
108
832
153
233
873
507
739
526
1012
467
489
939
219
939
261
138
24
372
611
126
777
522
574
325
798
12
879
96
611
325
704
325
1
169
611
885
91
975
704
639
624
641
400
1019
828
624
343
333
315
432
696
993
55
616
517
218
551
432
808
733
939
703
682
134
82
825
440
482
1021
794
356
775
76
134
842
608
27
911
724
440
62
639
914
608
679
134
413
514
297
69
939
310
228
733
228
251
110
173
96
413
423
927
54
489
518
889
418
24
413
489
797
420
461
345
313
815
887
213
315
234
25
873
443
797
564
215
461
98
1009
611
108
546
231
210
985
4
828
609
766
618
872
149
432
242
984
775
1012
584
515
108
92
574
584
584
515
518
343
354
884
939
574
38
574
630
1024
354
648
38
884
939
764
961
38
960
502
833
62
541
588
96
965
69
643
213
315
873
832
179
489
190
829
400
432
588
608
213
367
65
243
681
461
368
624
993
255
96
695
33
514
939
733
13
442
993
108
639
608
608
624
624
149
777
624
175
939
119
822
25
418
410
815
588
489
134
574
369
690
699
315
733
477
111
229
257
413
213
588
315
229
418
229
797
36
989
874
660
489
42
229
970
63
927
231
218
660
92
189
269
604
140
74
608
189
797
137
132
604
769
246
13
608
71
643
752
604
574
396
71
505
432
338
71
986
574
452
643
573
228
715
562
119
608
367
857
179
59
580
705
461
58
354
442
573
190
580
864
573
573
459
59
172
354
939
96
1002
106
580
660
960
762
413
354
777
899
18
189
775
265
775
272
168
1018
762
267
51
306
33
829
775
578
451
939
338
38
970
993
970
894
432
65
400
823
221
418
505
993
285
489
451
71
815
25
777
74
643
689
574
694
670
175
25
191
74
461
42
405
255
123
733
941
809
769
175
309
809
987
644
807
665
165
142
198
81
223
534
899
59
112
563
987
980
350
729
71
793
272
142
987
825
699
71
797
894
980
563
892
929
132
354
929
781
519
267
111
229
980
914
25
168
639
586
272
505
25
489
558
815
933
354
189
573
59
432
179
108
558
489
273
12
591
725
962
13
705
1018
19
574
889
889
882
725
882
882
51
642
161
769
176
119
559
439
203
484
834
717
221
899
1017
899
272
306
460
118
119
119
987
549
179
735
223
111
59
694
378
168
451
221
689
793
549
915
350
265
165
111
25
694
807
267
987
21
694
434
807
807
929
278
223
716
573
175
432
362
986
769
300
962
693
602
278
429
223
984
939
810
405
393
559
193
372
311
56
393
59
418
644
894
77
309
458
245
811
478
733
28
834
640
992
309
800
980
143
528
558
574
654
350
811
345
929
999
987
800
345
52
529
629
999
800
710
372
42
999
306
1007
179
42
644
608
71
439
750
843
40
179
549
834
1018
824
573
834
750
276
467
362
484
405
311
694
380
727
211
193
935
807
423
568
600
562
179
915
423
821
727
727
350
900
273
652
812
335
717
56
362
223
423
999
393
999
53
345
504
929
733
1009
166
203
504
432
179
146
37
882
529
821
529
987
821
439
561
529
406
406
356
691
821
529
423
689
830
167
111
134
63
562
1001
559
807
356
215
111
717
179
717
356
171
731
929
891
356
48
546
602
418
342
730
727
345
111
750
465
654
362
774
48
935
179
42
953
660
288
697
618
849
59
600
823
919
574
171
880
241
412
405
876
529
20
821
416
349
478
900
368
258
529
494
999
349
139
1023
29
518
139
717
882
143
40
118
494
291
839
732
223
816
458
953
882
644
824
309
406
19
79
824
929
111
953
703
79
428
824
465
237
356
179
887
446
19
1018
439
496
179
421
752
1018
562
418
200
472
529
336
203
362
1018
48
778
711
518
778
518
676
472
711
491
937
544
697
569
359
383
554
592
423
24
937
839
882
456
762
29
690
134
823
92
450
370
24
359
92
839
18
40
412
669
412
242
18
821
412
18
590
18
697
796
39
242
839
406
59
412
93
345
542
571
504
824
703
953
913
316
139
406
223
59
166
409
42
655
18
494
48
223
349
937
29
463
472
839
876
746
140
318
199
1018
179
624
727
727
752
654
92
134
1010
227
80
951
418
752
569
33
647
760
561
1010
418
974
134
821
111
1009
744
472
810
483
11
578
627
93
127
200
811
810
19
482
60
483
29
1018
483
676
412
1018
839
870
549
1014
102
316
273
953
747
549
992
714
92
309
577
472
703
844
412
431
778
671
286
711
703
336
937
404
708
577
554
42
585
499
518
456
454
72
707
937
529
940
119
984
1018
463
619
5
839
500
762
861
242
456
29
762
800
968
456
456
622
166
1001
514
846
242
412
979
839
968
912
717
170
968
952
952
744
839
102
59
856
92
381
886
705
952
408
344
483
279
59
422
727
111
384
979
963
357
727
412
483
45
953
520
708
95
369
86
55
97
708
397
849
471
309
489
708
161
821
507
380
529
425
619
1018
286
124
60
339
489
124
826
33
974
846
29
842
1018
611
785
130
734
747
227
316
29
684
69
747
174
684
953
42
1018
940
585
972
121
134
92
676
681
673
953
570
483
839
399
102
245
861
102
846
598
483
273
361
577
775
97
387
518
526
861
245
610
529
737
549
549
968
387
529
163
968
456
953
708
525
529
456
409
549
742
669
325
456
549
866
351
743
968
192
968
371
793
742
963
735
800
828
968
1003
622
972
968
734
412
593
397
828
379
483
392
102
47
828
102
483
170
273
29
947
684
200
670
735
794
947
312
91
839
607
146
928
995
69
571
245
95
318
691
861
349
420
510
691
45
349
490
269
483
161
896
691
507
748
774
207
45
943
83
483
249
673
231
412
152
329
234
234
187
435
206
332
608
807
83
721
847
861
455
676
719
481
483
610
388
953
481
963
24
174
721
853
102
867
611
205
529
235
92
275
386
622
577
421
726
853
577
387
456
646
21
386
110
436
622
154
972
602
622
19
110
341
706
64
52
598
223
846
133
83
1003
968
598
234
775
817
888
456
462
1014
549
1017
691
847
817
126
379
397
27
817
817
325
817
152
972
456
249
593
760
817
234
162
1003
234
817
735
707
47
544
162
490
306
391
719
947
275
275
691
726
1015
886
886
253
602
950
861
102
828
691
622
256
507
333
691
575
435
161
93
598
691
853
161
231
249
549
112
33
1016
538
971
386
126
249
431
33
112
915
673
867
207
915
19
743
529
529
443
743
126
817
972
915
126
817
84
443
706
349
755
249
46
27
490
126
456
415
735
544
110
490
846
608
613
707
706
458
544
497
366
544
379
184
462
946
237
538
598
648
611
456
38
161
368
1003
1003
311
862
999
161
409
936
838
746
691
57
1003
20
743
510
234
263
549
660
678
104
115
481
66
387
462
111
19
458
83
19
52
1003
490
988
556
162
490
986
206
1003
720
126
437
556
77
256
96
93
598
691
583
765
379
470
433
786
227
522
402
743
121
490
977
847
402
538
828
977
522
227
167
191
232
339
706
402
468
339
998
322
322
167
117
361
634
30
208
947
161
456
33
163
549
277
110
598
435
277
602
552
602
817
549
510
126
162
691
691
608
598
494
443
415
946
904
955
817
392
886
409
492
529
777
13
415
724
546
616
96
445
598
83
126
598
490
96
1003
35
608
126
964
19
445
494
839
535
299
46
402
468
901
598
503
468
977
870
36
572
691
839
53
686
901
121
322
817
206
927
795
899
545
322
522
824
817
862
425
121
368
561
561
862
409
279
899
387
1022
322
977
263
716
667
353
1003
554
874
279
748
877
988
37
208
946
724
470
732
339
401
583
540
817
206
224
111
706
63
608
691
19
345
145
627
63
137
921
947
46
167
656
445
39
818
607
435
871
435
235
30
921
758
455
824
824
607
777
862
987
202
524
277
181
206
103
481
933
215
919
991
862
1003
992
561
235
817
422
304
465
730
762
339
413
453
901
977
65
308
495
834
164
1003
1003
946
977
598
598
252
966
443
339
696
946
983
51
195
494
966
701
862
492
126
801
946
966
862
966
445
338
887
766
776
572
409
435
206
409
758
470
126
266
372
83
408
102
445
71
273
71
102
899
761
656
126
121
19
494
453
899
102
402
656
656
679
494
657
345
921
950
706
112
748
817
650
18
110
874
121
977
730
874
930
598
246
947
435
417
748
103
657
878
206
292
417
145
568
698
762
643
103
740
435
187
145
1007
621
292
181
607
511
245
983
250
252
215
470
550
572
202
621
966
126
455
683
966
947
277
910
217
824
453
877
181
953
824
761
886
273
273
966
491
569
910
617
271
834
542
886
206
815
696
862
206
102
218
374
41
740
815
815
815
1003
14
185
855
14
892
195
14
169
656
453
832
732
181
637
929
51
553
892
701
48
698
345
656
692
672
121
415
523
928
731
692
596
145
511
701
511
145
546
888
10
126
806
632
322
740
656
951
748
455
817
145
206
145
921
112
864
824
71
648
973
658
748
977
273
491
505
280
930
568
824
824
415
145
696
102
824
445
345
24
518
679
815
669
824
568
385
824
724
589
192
607
824
176
20
815
815
910
929
181
217
260
741
936
557
830
966
190
126
874
181
520
511
103
239
698
874
186
463
453
145
415
463
815
572
663
218
519
333
239
949
648
187
542
145
977
215
864
239
572
57
740
239
766
572
57
14
930
57
633
886
633
766
181
71
912
48
745
454
453
30
815
892
422
185
273
1001
81
465
740
47
217
415
684
589
888
1001
422
444
361
114
599
599
855
568
1006
1003
928
59
930
733
473
726
874
361
349
663
361
415
718
806
524
537
842
842
695
345
361
845
779
921
361
461
57
623
415
910
910
225
102
239
581
910
914
815
852
338
824
824
218
543
206
831
769
1001
669
907
102
740
244
1008
119
890
1019
1008
1004
929
652
207
487
908
964
187
690
474
824
176
908
448
415
1008
445
739
361
686
25
423
886
1003
389
355
815
842
864
977
686
815
793
864
649
830
902
779
453
741
162
717
128
806
855
87
722
581
572
213
200
902
463
511
45
538
466
273
668
273
332
404
589
206
102
876
46
907
445
866
859
700
225
996
57
422
958
173
779
678
876
543
649
57
910
996
686
890
685
102
138
57
14
361
684
771
790
938
599
193
700
700
361
980
454
908
361
842
50
218
520
713
588
1008
562
414
218
779
194
384
842
67
709
105
348
105
473
872
740
562
493
872
82
842
415
536
575
511
864
692
536
315
842
227
796
52
65
961
314
793
381
876
876
876
876
128
127
119
52
963
321
381
793
741
442
503
907
503
332
779
268
407
162
87
561
361
189
865
865
361
282
200
844
407
514
272
130
902
472
361
980
473
440
690
493
764
357
722
467
599
125
876
28
876
472
191
150
273
14
196
273
18
895
593
678
872
872
661
602
173
472
18
902
465
66
469
128
580
39
333
655
314
870
907
678
879
135
135
907
128
980
225
39
790
889
876
361
907
630
892
82
57
907
793
907
907
6
793
6
844
474
907
161
908
907
307
449
449
67
419
764
536
664
924
384
73
351
272
193
272
518
396
768
332
396
588
384
433
909
459
788
301
722
908
1015
864
294
381
176
895
588
678
380
843
361
63
948
105
135
948
200
907
1015
889
948
365
190
272
842
357
907
578
65
392
472
655
162
150
527
961
602
76
283
1022
503
440
162
907
189
907
851
312
929
282
407
599
908
167
764
393
18
805
457
