8192
552
977
967
79
877
295
541
15
859
286
274
203
538
671
1024
264
611
424
663
116
360
17
367
21
979
172
124
943
924
11
284
174
492
282
78
153
563
92
799
15
389
71
463
288
21
325
527
856
117
970
1014
48
964
307
865
39
688
204
1012
272
602
239
1004
95
296
603
39
31
753
239
583
459
557
336
633
58
23
833
10
938
406
499
53
897
25
58
392
53
662
956
179
576
32
517
843
318
484
103
639
940
496
181
891
36
173
34
690
336
573
464
32
94
70
154
403
1018
18
877
251
658
1017
62
238
139
335
735
804
653
501
743
57
40
148
745
481
1023
334
145
545
929
677
558
461
717
24
138
725
999
51
350
24
188
822
404
49
625
647
73
368
35
48
796
737
299
839
468
912
637
346
182
555
241
383
997
136
928
15
920
59
946
1020
919
979
445
410
513
202
48
298
110
41
148
600
752
814
236
78
233
32
62
873
245
790
959
130
623
404
205
649
817
50
313
45
415
985
42
419
815
526
47
210
28
325
481
819
533
63
1023
721
711
251
992
135
108
886
45
462
781
1009
882
170
703
978
918
376
21
308
10
606
38
784
802
854
668
968
814
361
86
58
767
482
733
823
108
498
346
208
808
912
290
562
192
854
781
29
185
182
1002
556
136
187
592
43
577
89
658
888
126
928
732
653
142
14
986
526
241
8
473
910
434
956
790
48
109
695
145
43
534
467
490
319
986
154
972
1020
690
754
672
465
49
765
430
374
604
194
855
922
55
129
254
21
65
53
43
770
582
23
475
72
351
745
16
29
237
820
780
397
446
249
34
36
127
675
494
86
588
728
144
333
609
200
756
372
768
490
380
659
751
939
24
659
105
228
665
53
669
1006
218
338
502
306
6
508
286
100
125
63
45
40
247
979
291
768
718
134
188
147
578
60
747
149
308
459
350
61
80
907
101
201
28
275
427
531
810
588
18
19
29
485
212
507
198
179
490
251
373
885
803
330
893
270
54
1
295
595
765
562
977
732
687
34
504
316
46
739
311
26
493
614
326
756
970
967
607
750
758
744
621
871
14
6
483
654
17
577
685
810
342
783
885
31
4
47
37
50
772
567
526
242
28
234
8
226
737
702
103
558
855
82
732
301
636
1013
212
432
917
249
99
91
470
246
435
690
496
326
543
493
51
745
344
225
6
714
467
369
557
291
248
838
506
384
385
61
26
641
140
300
699
163
52
518
589
115
294
386
280
149
475
923
670
15
486
384
184
868
303
372
944
552
274
911
630
683
812
52
501
44
505
23
2
807
654
45
28
496
120
4
301
103
11
219
192
242
830
904
484
470
38
512
448
80
754
647
179
1016
49
671
926
450
20
359
1007
11
800
62
28
815
364
381
299
210
359
498
8
93
371
56
978
47
27
380
1
794
931
28
294
504
184
754
1011
239
861
1013
77
739
185
26
746
669
758
382
931
649
725
740
348
307
793
590
715
929
16
722
568
610
385
77
866
255
44
183
402
163
41
62
975
863
858
252
245
636
821
7
367
208
323
319
205
433
358
915
368
890
228
832
733
918
803
118
289
917
331
632
689
155
547
573
440
594
941
771
977
28
32
158
713
112
680
689
505
320
1019
563
331
276
450
66
865
766
3
986
400
860
740
1019
52
63
81
753
56
9
237
342
270
98
862
79
535
777
1020
175
567
222
954
48
202
600
687
860
74
318
938
844
64
7
968
697
97
227
787
149
52
857
229
566
689
1013
197
940
527
921
447
13
50
471
233
569
35
198
876
119
984
23
278
559
424
838
704
346
466
936
159
531
882
60
394
197
181
90
894
263
830
28
331
601
808
527
767
372
30
256
466
274
48
988
376
689
17
14
61
783
306
1023
25
80
997
707
570
722
953
2
131
298
566
597
1023
228
793
5
645
6
203
318
733
155
426
2
357
282
224
428
335
1005
722
344
257
34
785
59
794
132
929
1018
37
569
1014
236
37
236
455
438
686
282
453
880
12
44
876
7
597
863
728
313
738
33
50
193
275
38
450
1003
130
40
46
544
120
46
218
535
1
654
750
875
996
44
525
326
26
24
758
932
61
725
623
359
979
390
291
203
227
27
697
227
785
58
26
205
646
19
23
193
65
2
15
33
50
415
35
64
650
264
97
353
992
117
944
798
656
774
660
83
850
121
58
854
47
840
1006
546
795
27
285
461
305
38
250
110
145
832
332
15
999
639
18
926
96
30
524
478
442
730
658
14
825
715
811
120
10
902
428
62
61
540
677
1010
536
571
47
1012
452
156
360
649
757
17
624
1014
450
14
560
346
51
723
146
437
873
532
34
696
290
529
25
260
783
27
332
1015
13
791
20
909
561
30
748
42
939
53
23
50
8
113
776
767
48
18
951
20
386
286
23
59
86
309
30
568
14
35
284
802
228
28
307
556
415
793
131
13
176
949
41
896
871
9
51
945
811
733
7
43
241
11
65
140
31
11
21
532
52
470
6
876
90
897
943
32
38
442
2
417
13
58
25
388
40
32
428
14
687
369
10
781
614
508
998
46
990
37
465
49
776
574
843
561
874
49
1014
279
898
22
2
157
517
96
545
541
801
1013
34
707
34
265
541
17
64
984
28
508
763
374
325
920
114
307
511
585
1018
15
246
273
428
14
29
233
672
305
462
27
3
649
238
50
38
671
40
802
29
797
30
24
31
31
43
749
24
854
708
30
7
115
46
879
355
600
181
164
500
35
515
874
284
698
809
138
106
13
722
817
903
45
30
59
484
37
538
528
18
6
607
919
644
43
14
990
13
980
384
20
39
36
63
684
763
41
977
884
549
15
24
431
175
840
43
42
204
1003
874
53
801
25
21
219
544
40
592
760
881
59
328
485
8
627
977
807
62
36
224
554
962
393
434
14
57
32
355
604
784
308
44
476
399
6
16
19
340
63
204
917
60
8
513
76
979
44
11
782
659
522
134
649
24
542
787
50
25
808
617
41
38
24
708
14
51
277
52
864
857
501
5
750
13
49
34
15
561
7
188
385
148
53
345
763
720
85
1016
52
5
130
920
770
63
765
120
34
719
298
496
704
60
62
33
43
1
184
486
504
283
54
578
287
579
710
65
722
11
831
27
46
29
49
520
28
743
850
28
105
36
57
49
57
1
44
330
27
285
47
28
411
937
276
478
189
51
778
51
249
815
23
945
326
228
761
41
14
40
183
346
46
59
750
188
848
54
231
48
58
954
234
55
828
42
915
49
112
734
383
975
636
94
44
1013
615
928
5
58
34
61
455
651
318
63
803
270
57
95
60
501
49
49
21
583
44
944
858
394
769
689
249
44
41
110
216
588
15
63
20
1023
373
545
27
482
53
76
534
34
379
487
911
57
970
10
878
703
44
590
23
623
70
50
28
452
425
330
938
577
25
926
39
2
801
13
1015
33
610
66
19
64
26
23
181
49
92
61
683
62
189
457
155
919
568
10
94
736
46
181
526
22
656
75
23
418
503
518
860
216
29
1006
47
19
721
41
53
548
109
140
344
166
275
4
724
480
63
574
37
663
311
31
723
14
4
302
247
865
11
940
432
836
508
408
5
649
26
328
275
157
9
18
4
565
32
375
59
87
471
72
378
825
224
28
759
929
7
310
529
657
420
27
33
847
794
465
47
304
297
5
167
17
771
177
405
4
544
862
251
97
50
433
735
273
209
48
204
433
55
4
537
670
817
47
88
26
9
525
29
55
28
415
61
51
681
462
382
43
108
98
41
31
323
221
28
33
333
82
18
280
222
5
235
234
51
259
572
681
34
21
256
753
1002
14
787
131
817
525
579
404
215
4
53
8
15
645
880
1018
62
30
905
112
420
560
1005
592
370
25
856
328
600
214
957
562
52
699
210
157
184
18
7
157
7
672
217
398
22
41
351
38
414
24
24
230
42
120
16
970
502
45
33
36
186
897
33
63
19
760
13
54
8
11
55
146
21
275
61
438
111
18
24
357
915
33
392
394
619
51
1
391
80
891
752
14
16
236
25
900
567
908
910
23
539
2
923
8
39
602
28
233
555
51
1009
132
693
955
637
904
737
616
51
657
891
575
52
595
184
51
792
31
16
59
21
42
687
255
60
671
389
125
34
561
132
31
15
521
335
574
955
9
59
26
897
553
13
185
379
61
207
32
790
9
2
609
27
773
228
517
722
898
972
14
732
919
903
646
380
555
914
556
60
946
55
31
80
65
1000
50
300
45
458
204
63
14
56
865
507
741
126
94
578
61
753
826
50
635
6
755
26
629
19
781
145
8
322
801
502
61
780
344
376
589
29
356
47
365
304
218
713
623
56
281
225
38
52
56
41
687
195
42
390
54
419
246
877
48
10
647
58
779
633
643
451
532
386
749
741
964
32
372
757
30
371
859
13
472
62
57
395
13
29
805
27
422
97
470
1011
553
22
7
1010
15
5
289
46
937
43
3
537
951
44
233
482
987
509
805
953
980
932
24
227
711
331
849
306
44
61
842
5
874
720
27
44
395
335
55
249
699
708
69
586
2
11
671
54
982
109
122
923
1
661
552
411
579
566
3
1009
521
320
599
685
25
6
858
14
471
60
123
40
415
212
763
251
41
78
18
100
532
824
33
142
727
23
851
117
487
6
21
38
189
152
170
266
60
35
230
721
133
750
610
145
424
46
463
913
817
358
138
467
307
648
298
45
308
429
36
608
24
21
30
663
32
41
17
409
29
35
42
14
53
32
36
67
39
963
278
626
45
45
56
1011
7
42
325
807
31
63
14
6
50
50
49
988
453
41
33
412
34
21
27
25
106
17
59
209
38
15
58
223
359
380
15
27
434
39
55
17
25
12
56
11
196
102
670
48
36
12
619
949
61
48
18
18
517
30
961
34
55
973
64
962
4
43
64
41
757
50
18
7
12
151
43
41
31
63
56
599
30
376
836
975
34
37
31
32
25
40
37
10
923
48
38
30
14
887
222
39
17
32
308
55
37
41
942
955
36
191
18
46
801
9
59
6
668
305
62
4
646
45
42
54
60
51
60
902
848
9
2
30
57
14
51
956
804
22
13
964
638
1
26
44
497
34
37
545
5
42
961
781
828
531
728
947
23
9
58
230
14
101
527
13
3
893
12
891
916
13
613
10
56
45
60
691
148
315
972
296
1
15
62
17
16
50
15
92
37
1008
9
12
40
71
10
42
8
55
158
55
902
33
914
33
38
12
515
628
226
146
8
69
129
589
59
27
54
30
801
3
712
29
30
588
698
29
22
13
551
689
329
31
661
32
9
43
7
1017
60
99
39
534
12
15
32
46
8
24
19
59
2
78
59
953
45
42
59
28
38
854
45
33
63
186
18
47
108
45
54
26
52
38
48
57
53
14
43
43
53
64
32
429
6
29
16
56
8
41
30
36
48
804
942
708
3
49
342
22
362
60
1
50
36
234
29
43
46
8
138
19
20
1009
12
11
25
41
40
32
42
45
701
238
60
917
332
6
12
38
7
17
709
58
27
19
5
316
833
6
10
63
47
48
6
45
32
18
48
18
48
59
59
14
39
7
5
60
410
21
57
38
27
33
21
214
284
59
35
10
1
7
56
64
837
442
59
11
547
11
17
8
58
12
449
608
797
370
119
46
64
45
20
417
169
32
39
51
17
992
47
1
243
33
18
628
987
294
23
15
26
13
438
36
9
22
40
11
43
14
427
28
56
5
30
15
2
49
882
55
640
615
33
47
12
14
45
824
9
23
24
21
53
12
875
16
11
20
948
517
202
407
37
11
761
47
1022
31
42
23
344
278
365
6
25
16
38
46
49
20
23
122
264
224
43
834
38
867
827
55
117
105
17
42
432
37
916
991
493
44
40
60
297
1
50
4
61
15
33
59
20
911
18
604
33
512
21
524
27
2
834
30
52
322
1
143
674
8
104
255
12
51
526
22
16
19
514
493
29
767
244
63
37
908
148
23
25
778
1
51
22
86
27
31
39
749
849
39
61
58
32
64
54
57
14
3
46
368
15
30
184
33
45
6
45
12
49
61
189
23
30
23
19
16
729
13
323
30
14
618
12
51
7
979
26
26
1
4
441
24
61
251
7
12
976
36
73
847
52
103
526
55
49
54
36
23
32
270
40
567
44
457
40
228
696
59
38
645
23
178
225
57
711
24
24
46
34
139
30
17
264
785
18
525
60
515
18
19
29
13
500
56
61
440
14
917
480
46
261
156
39
846
7
59
637
22
30
48
58
49
10
718
32
13
275
42
51
41
6
46
58
24
300
898
4
12
49
850
46
720
20
13
3
59
793
277
160
38
432
948
682
11
480
678
48
47
785
30
48
57
339
7
39
54
354
297
317
10
3
64
43
51
8
49
49
46
22
28
59
39
178
8
158
484
28
40
55
24
14
15
77
49
44
44
40
57
1
7
587
56
18
943
45
244
61
57
21
13
37
311
572
28
25
34
8
45
58
29
32
25
14
14
507
43
492
36
30
54
50
64
8
2
1003
14
62
57
823
17
385
43
3
35
609
53
29
4
42
77
53
116
877
156
29
50
45
41
136
47
643
670
937
265
1
116
27
38
36
219
36
21
40
37
786
52
39
973
7
52
9
490
27
45
58
2
28
37
18
36
138
311
64
52
51
837
36
59
41
49
11
14
1
426
34
274
471
729
26
474
39
379
16
45
5
50
22
2
480
53
298
43
36
41
42
31
16
85
963
47
418
255
49
64
1023
11
20
53
19
4
54
24
195
7
193
3
56
26
22
3
20
15
22
31
52
743
123
62
36
718
122
45
20
17
45
64
914
23
3
60
61
35
744
23
211
6
60
298
21
36
5
438
324
26
46
841
40
832
708
63
34
10
28
34
20
20
41
5
47
21
40
58
847
19
2
975
61
33
29
7
17
14
196
53
43
19
120
1014
14
439
56
14
21
9
40
61
57
33
3
44
54
627
36
199
53
997
6
62
14
5
12
3
599
233
18
19
43
421
90
61
57
46
32
897
41
38
29
3
5
15
77
546
56
5
51
379
921
855
61
33
91
967
12
311
62
604
244
528
113
380
28
638
56
17
27
102
9
189
673
754
311
446
220
16
675
8
894
843
103
31
299
475
42
55
51
149
583
421
61
1004
650
13
966
138
210
479
266
467
19
53
53
323
25
387
38
564
48
794
3
493
227
694
99
331
871
41
445
127
17
55
10
220
220
45
35
58
500
51
472
27
12
31
41
771
342
571
154
449
185
406
8
179
27
707
799
467
726
997
404
33
80
989
237
14
30
46
121
17
11
41
21
36
880
17
100
831
799
459
1008
63
3
21
12
342
72
46
60
967
32
126
52
104
49
34
711
57
19
52
57
34
17
558
8
719
22
642
650
893
205
728
5
58
363
62
126
754
206
14
848
935
50
115
109
940
724
24
27
818
274
206
728
48
41
26
466
253
501
296
955
167
2
61
889
6
26
35
144
28
8
313
514
817
3
24
14
21
556
35
135
556
14
667
701
33
21
48
787
37
48
24
30
55
154
307
379
366
48
34
656
4
732
502
1005
268
1004
539
34
656
904
22
276
289
54
445
24
415
665
28
741
850
459
25
414
702
372
14
29
28
854
698
12
47
58
59
265
89
740
496
284
20
610
52
77
56
59
552
279
383
118
114
27
23
260
37
17
817
1017
423
113
1017
3
63
240
53
770
36
663
181
363
41
40
12
788
3
474
15
23
44
433
643
803
784
370
797
38
494
870
548
553
752
688
162
975
610
153
457
419
424
781
16
559
9
52
553
475
260
540
200
598
998
12
19
2
488
753
62
990
42
523
18
313
649
117
406
15
571
31
831
235
332
304
579
13
238
39
639
436
14
1018
46
639
7
235
20
365
133
11
7
665
204
985
19
891
757
830
53
377
737
55
376
493
57
35
58
400
555
25
668
5
6
175
23
511
745
512
26
53
768
901
387
348
92
339
51
43
538
320
342
62
862
10
64
42
638
60
510
471
46
625
18
483
796
2
37
28
25
588
59
624
558
750
57
787
5
49
376
507
876
893
566
2
543
84
575
750
297
24
537
240
421
63
62
19
625
5
14
45
970
455
23
50
341
432
27
9
1024
53
327
305
11
15
28
41
787
816
287
41
411
957
1001
250
433
923
20
39
503
51
1
264
263
986
791
6
985
34
169
69
669
94
61
300
33
385
684
502
2
727
490
825
711
236
8
464
752
673
190
202
35
292
432
11
185
144
49
17
694
737
1004
141
633
24
689
501
34
488
446
42
1
14
491
182
934
447
42
284
527
107
17
284
21
51
615
40
167
419
464
952
42
3
648
675
230
766
466
806
826
1016
18
660
42
362
399
771
839
590
458
269
895
629
830
288
892
1
409
690
57
813
478
61
798
49
42
327
57
44
241
61
381
792
917
421
545
54
61
9
960
550
225
48
502
283
45
36
685
29
983
60
3
394
1015
974
627
367
188
324
100
933
9
702
9
330
622
409
5
464
362
233
604
211
1023
56
677
411
868
887
26
4
682
59
26
63
39
56
197
56
43
937
12
8
30
218
783
661
44
137
3
870
41
410
261
205
714
61
934
287
12
954
191
491
25
55
770
226
733
638
20
688
112
238
20
62
189
458
5
647
11
639
837
955
301
599
37
18
37
59
114
717
50
62
621
742
12
1
163
889
2
609
598
10
691
325
5
833
61
57
86
821
208
461
522
772
199
802
523
22
147
44
41
646
52
431
978
51
7
675
171
1020
722
371
374
13
856
1
663
829
35
5
579
548
825
806
328
414
34
231
985
30
28
124
426
11
974
988
44
140
244
10
47
21
21
662
36
795
761
626
336
52
655
37
48
191
761
14
62
812
599
55
34
25
56
671
251
146
855
23
31
350
39
589
33
716
61
676
879
59
874
769
28
41
53
989
417
590
924
58
666
25
128
632
688
264
31
916
2
57
19
149
672
23
1007
5
3
40
50
16
57
499
57
47
910
1
527
62
24
205
708
76
55
810
37
653
37
396
547
46
50
728
625
671
8
629
865
63
402
8
153
744
53
45
696
711
174
32
922
15
973
33
388
338
564
716
409
269
30
24
5
22
35
20
356
699
58
24
331
67
3
27
886
58
545
745
435
851
708
62
636
841
52
554
6
885
47
163
487
53
13
291
412
152
44
463
12
793
805
122
572
569
432
746
10
953
27
458
818
610
38
350
451
563
628
38
1023
754
903
56
4
733
132
48
419
18
312
329
766
365
939
16
623
51
47
320
190
403
955
881
51
86
85
417
468
56
73
23
888
36
17
918
44
783
26
7
815
375
872
169
980
506
577
36
54
632
149
452
509
905
94
773
57
169
96
948
298
48
35
388
986
29
754
63
524
40
185
46
673
543
80
202
431
302
892
976
1010
669
198
431
971
9
467
287
996
66
524
116
168
538
337
491
645
13
946
459
437
941
59
9
74
451
853
759
37
193
257
657
923
326
394
55
404
1002
440
774
885
288
74
385
7
968
914
84
975
695
33
657
706
585
771
822
55
165
693
818
407
496
500
40
730
413
484
395
35
513
329
480
803
963
647
113
1014
863
366
589
87
219
416
626
785
838
255
1019
948
251
371
644
135
874
570
564
725
439
47
56
935
811
561
933
638
7
676
188
314
58
600
200
756
967
924
439
215
490
992
50
15
133
319
229
9
12
361
35
159
637
646
378
235
21
408
715
968
796
277
29
610
204
460
348
46
555
1006
666
375
503
153
107
242
10
989
732
789
856
460
497
1011
466
688
53
547
655
167
268
595
40
796
42
915
846
18
412
76
652
895
285
645
657
64
903
730
1003
880
170
56
253
497
494
925
544
290
248
574
544
116
595
661
747
168
534
9
729
755
796
534
159
733
7
261
46
864
773
203
498
378
292
876
437
471
52
604
935
218
705
926
533
866
771
671
24
25
633
1
855
216
1
37
20
835
158
918
16
8
728
145
954
998
683
557
571
605
901
851
773
241
173
12
60
267
8
135
318
78
13
504
767
268
57
250
703
954
716
4
155
1020
302
707
699
49
254
334
124
6
663
541
497
675
797
335
7
536
83
865
15
182
556
638
281
286
404
42
45
128
714
333
795
635
147
942
934
58
407
991
8
433
573
451
698
881
32
24
20
574
932
773
397
279
342
10
912
553
460
953
402
31
180
716
794
682
291
491
23
546
397
47
169
41
13
837
179
135
53
554
159
509
904
690
50
486
729
547
873
595
31
861
15
900
488
275
880
30
252
949
992
559
114
808
462
301
57
963
19
621
800
17
589
63
466
900
753
710
156
303
738
217
264
865
205
425
507
737
24
44
727
42
256
740
125
33
36
289
948
76
185
791
201
813
268
939
373
203
691
928
912
510
144
640
251
114
443
250
94
459
944
530
711
173
312
77
14
576
668
1017
62
18
275
678
865
37
24
782
372
64
877
815
871
292
361
4
7
533
272
695
62
152
965
584
50
675
1023
2
438
340
60
456
409
276
792
297
36
765
677
39
23
151
352
919
996
178
155
764
505
34
772
3
658
640
929
828
540
899
275
747
963
5
868
175
152
3
28
916
187
740
261
1001
35
437
49
715
269
115
7
706
442
97
701
996
914
572
43
187
473
703
269
831
433
168
981
766
245
151
350
233
399
379
33
995
657
695
24
387
673
824
54
843
371
103
431
979
679
461
33
154
193
167
800
90
9
268
865
758
133
873
539
183
543
974
656
894
894
420
955
10
735
217
615
27
238
201
152
631
985
193
764
340
569
769
593
766
675
447
760
3
69
49
694
111
361
536
585
26
575
741
783
205
957
507
411
899
442
696
981
756
702
781
35
59
496
380
682
32
612
473
234
625
459
388
170
483
610
334
443
52
957
40
416
357
224
46
221
537
411
463
571
432
790
930
536
913
374
23
14
129
676
63
520
975
280
405
738
54
451
612
243
510
606
632
427
437
787
795
74
767
448
373
261
25
59
874
198
219
334
863
569
620
902
241
429
347
941
172
572
25
7
924
294
849
748
1017
378
77
52
587
151
914
12
556
928
198
235
124
1017
732
215
948
665
14
108
321
160
502
382
231
768
51
767
433
163
962
731
12
600
952
486
563
422
191
430
619
739
587
715
170
63
50
62
915
55
668
593
788
787
734
915
364
48
971
61
489
90
345
39
1023
28
287
247
861
908
158
46
877
32
142
206
158
626
142
563
793
255
670
972
891
244
159
736
1022
666
780
61
34
991
781
397
574
876
592
487
475
907
54
12
223
260
273
944
498
143
496
1004
21
231
710
308
815
427
174
3
513
977
110
497
31
365
64
440
598
735
128
813
998
602
743
224
882
553
157
797
770
902
886
54
653
3
668
213
385
281
349
668
254
95
209
829
22
195
46
608
549
736
28
998
558
22
491
14
861
396
306
438
466
952
509
627
806
817
607
310
438
821
385
502
16
95
413
696
53
57
679
664
114
89
312
335
248
337
62
349
898
241
44
197
286
942
896
76
261
112
806
344
824
661
423
865
22
512
55
551
877
472
56
136
65
315
634
47
141
754
643
956
78
294
884
295
139
150
325
18
267
939
459
29
946
18
331
317
36
507
1012
6
12
959
313
667
61
286
611
163
894
885
786
530
193
922
764
584
791
62
660
539
995
116
184
251
593
925
707
139
211
276
748
533
542
859
61
195
667
912
132
309
40
358
541
532
2
952
938
123
897
5
967
380
31
635
836
693
183
630
579
83
884
52
289
733
811
40
377
25
47
1019
47
310
53
348
39
51
14
443
57
6
572
46
966
21
303
945
376
39
808
565
44
3
15
39
78
316
755
215
33
55
408
34
322
345
31
517
761
25
939
514
143
631
9
29
24
115
9
75
19
477
51
667
60
829
41
352
533
493
10
700
1
379
606
42
507
674
689
588
226
46
959
593
741
196
17
179
13
540
940
81
8
275
53
559
788
23
615
74
992
1
579
394
970
567
26
742
203
80
52
436
798
5
331
117
427
62
18
562
28
29
33
829
128
484
987
545
11
52
53
336
518
403
628
567
582
35
22
17
5
41
52
39
485
919
22
49
881
64
61
990
146
573
199
33
37
52
50
16
91
41
988
593
21
37
13
43
23
47
1013
23
60
463
663
562
711
120
205
782
58
125
2
148
314
218
289
103
889
805
48
894
523
290
577
836
898
217
179
6
74
46
609
62
8
175
10
47
564
309
56
129
62
961
53
40
760
744
52
751
52
25
573
8
366
1023
18
3
327
47
515
78
36
527
787
9
708
834
662
306
811
14
48
139
56
888
482
21
319
998
274
27
580
36
303
7
2
34
6
264
384
1001
861
911
812
59
946
48
882
108
15
749
19
31
124
34
234
1
450
764
174
178
7
396
37
129
25
19
23
39
39
58
166
868
376
1010
956
226
246
642
16
54
54
423
385
833
619
265
746
998
856
390
28
471
42
28
856
492
420
514
6
668
470
193
874
491
55
29
695
58
1
882
623
603
726
4
961
268
46
49
782
829
83
829
17
23
52
252
17
423
11
235
146
526
715
399
888
910
186
27
770
377
51
22
808
623
52
4
824
28
621
428
308
818
174
790
228
445
44
1
528
961
32
1
1014
17
63
231
24
11
1020
345
33
768
28
49
1007
377
399
864
43
37
42
4
853
829
99
17
689
939
14
141
258
2
838
101
34
252
38
572
50
207
63
197
25
963
252
894
914
51
372
520
679
270
733
39
13
872
356
44
137
28
977
333
750
31
681
58
723
465
950
241
55
506
667
827
19
987
601
559
17
563
103
992
574
25
513
64
198
56
296
392
40
18
103
659
567
227
8
32
7
382
547
10
228
19
14
371
835
49
61
49
417
39
737
30
488
910
37
203
3
25
808
4
780
983
5
294
814
62
407
304
12
62
38
42
17
63
23
668
9
896
153
863
431
382
45
46
631
34
58
751
100
376
671
39
823
1017
976
63
18
41
61
683
388
788
22
908
19
22
19
257
250
32
728
213
270
7
32
835
381
63
248
36
275
846
51
860
805
564
433
10
163
922
58
218
369
272
28
47
583
209
468
37
285
847
885
615
292
507
18
343
816
62
744
496
218
713
34
43
151
674
5
57
312
48
608
18
798
63
22
352
4
922
140
12
737
1009
532
854
1013
718
38
143
906
863
966
45
23
45
4
28
972
68
45
3
699
51
22
7
14
911
149
445
390
562
403
725
12
785
349
247
770
477
272
55
262
881
9
688
8
350
793
413
29
489
21
14
47
821
139
994
110
331
26
747
505
742
319
741
161
44
525
588
16
353
609
44
63
56
497
907
470
948
932
286
677
449
523
636
7
4
10
622
875
34
601
704
16
26
62
9
357
117
1
49
851
55
35
985
179
698
240
276
57
269
65
539
877
60
319
34
15
636
489
12
25
1021
11
93
63
22
998
555
412
987
794
477
795
49
967
51
159
119
533
186
105
149
83
23
517
52
64
743
42
106
53
530
18
941
656
188
14
7
268
626
24
551
44
807
664
439
860
64
543
447
239
815
5
2
60
680
34
44
673
115
724
329
690
78
547
10
752
23
7
85
9
933
682
376
254
195
33
55
944
40
58
57
14
837
55
63
19
459
30
1019
51
56
63
295
257
321
5
836
370
158
11
33
381
37
3
7
236
1017
57
864
136
44
785
239
52
795
24
7
971
720
35
155
28
886
359
697
29
50
202
58
287
15
20
992
42
948
31
167
5
190
52
570
7
159
672
1
985
673
913
496
823
998
58
1
339
748
14
215
63
881
28
1010
22
583
6
818
1012
17
467
50
484
230
43
706
517
668
285
774
233
845
932
1019
825
870
33
51
4
713
311
31
62
546
519
261
50
59
930
800
811
159
827
776
755
584
22
740
881
60
37
597
257
716
9
606
18
622
502
664
396
25
426
415
38
39
603
499
49
132
97
48
416
694
13
11
795
52
208
4
578
890
267
657
540
173
753
733
31
8
812
677
22
918
731
37
321
35
583
753
51
50
20
53
935
515
6
162
476
57
823
49
438
42
347
929
966
489
316
39
51
21
12
601
369
230
22
693
40
338
27
281
54
3
128
157
17
43
52
16
13
63
528
43
822
51
21
53
60
35
28
19
337
37
58
887
16
16
40
361
26
954
16
63
62
22
975
25
11
8
19
296
57
36
25
23
63
7
43
126
6
11
47
1
42
406
458
14
37
15
9
44
37
26
55
821
41
49
44
40
56
5
6
62
43
8
676
31
82
57
28
49
60
7
555
355
10
98
15
31
36
4
63
49
63
10
12
183
40
46
858
785
39
478
29
123
14
42
55
210
59
467
52
850
850
32
22
673
175
50
11
521
88
47
16
44
904
25
568
301
50
54
972
46
41
996
33
47
50
1000
34
430
12
30
57
257
9
37
14
853
348
40
459
126
1014
7
515
52
27
6
1
24
38
13
692
57
14
28
196
497
371
7
122
57
19
18
38
27
948
42
998
49
237
6
43
885
52
346
9
8
328
18
59
998
40
658
55
894
16
5
32
575
24
482
29
851
47
949
62
19
27
1
17
962
12
8
386
11
779
41
29
598
16
35
6
24
34
527
30
729
898
972
53
21
55
35
5
8
50
38
37
43
22
34
33
866
358
806
284
50
26
45
42
2
47
38
690
55
43
58
369
30
942
19
64
33
27
3
20
148
672
423
685
374
48
58
110
548
926
21
540
36
50
51
792
982
26
34
154
23
425
25
18
838
45
39
913
41
11
1
61
35
9
14
16
1
13
29
42
51
25
29
51
846
47
58
49
270
579
25
36
12
37
13
38
801
2
59
12
17
20
51
16
15
41
39
18
3
14
782
796
64
15
50
70
17
3
668
25
277
479
6
12
364
55
23
62
12
891
297
868
33
62
52
8
965
23
4
30
728
36
63
18
651
10
21
596
585
58
970
1022
109
275
741
837
34
700
24
41
449
543
19
917
22
25
678
331
46
54
7
214
642
46
7
14
411
205
53
34
709
21
747
737
41
62
50
49
354
16
14
34
22
19
30
8
18
46
21
14
806
22
294
345
519
16
315
1
30
9
620
18
60
33
63
51
16
1
19
54
36
993
369
432
9
33
61
8
10
33
30
24
382
50
25
42
179
54
896
10
64
46
10
64
17
7
6
250
404
25
34
32
57
51
60
284
9
20
730
41
38
13
637
979
10
8
45
20
35
57
23
207
16
12
23
4
46
271
52
37
26
48
8
33
8
6
7
15
31
315
24
25
346
36
40
15
23
7
1012
36
27
688
32
50
841
9
171
221
677
33
30
41
6
1
920
12
38
44
54
5
36
663
324
36
205
294
41
9
522
443
12
47
1018
364
32
41
5
30
670
45
165
741
45
53
49
21
170
12
567
1
36
25
3
22
53
20
38
9
36
62
14
3
21
37
75
32
4
602
6
485
284
7
34
35
23
13
615
62
185
285
177
2
16
61
59
4
27
36
457
52
55
31
44
474
12
35
34
14
42
61
33
11
63
508
874
32
788
30
35
39
33
62
59
29
51
20
4
29
55
832
36
544
53
2
943
47
833
40
55
231
10
52
46
19
12
883
35
15
969
2
347
60
56
637
20
647
974
13
447
29
26
50
6
608
265
591
42
83
1
23
431
177
372
61
41
384
43
40
56
23
74
914
687
37
45
30
47
848
411
7
921
14
8
38
59
42
26
945
53
834
8
12
18
681
44
51
15
51
32
11
725
47
501
19
33
40
53
40
60
48
35
978
56
32
38
326
19
28
891
132
38
50
33
50
31
370
23
152
48
5
839
49
16
28
30
51
5
16
30
47
47
227
841
589
15
52
10
782
17
482
58
6
841
38
45
797
59
4
2
515
14
2
62
9
13
339
40
50
43
554
321
177
63
6
2
20
28
54
43
935
43
38
23
10
468
10
22
58
47
54
39
34
557
26
7
12
991
33
348
52
44
981
493
36
25
3
60
19
1
60
8
37
57
64
57
10
8
51
36
59
22
61
46
56
13
299
30
710
14
38
21
8
423
400
59
5
43
57
604
57
224
22
37
53
548
49
33
7
35
804
981
37
7
2
1012
399
23
31
850
706
71
42
417
32
740
20
7
33
46
52
590
874
589
50
135
167
310
646
16
30
678
5
9
2
6
29
812
54
213
64
38
38
973
727
599
19
60
91
494
709
33
630
36
6
55
171
51
798
873
11
10
64
898
16
17
35
13
64
5
2
147
57
34
35
234
34
49
786
61
6
27
15
296
46
38
235
18
787
479
33
40
57
46
708
504
51
505
363
843
15
15
43
33
160
13
116
61
35
452
4
41
34
33
57
5
498
25
219
8
45
618
27
21
247
59
779
27
23
26
31
371
913
132
2
36
15
39
1008
37
25
510
40
54
59
343
1011
806
722
15
17
377
32
290
474
750
20
644
50
607
856
43
62
856
389
45
23
364
334
29
740
12
70
57
6
22
897
13
57
44
503
39
75
136
536
305
975
754
346
226
8
297
39
286
122
871
13
679
781
372
19
64
845
41
886
4
251
323
401
49
29
626
16
517
29
143
364
72
697
15
616
55
1
58
770
87
330
725
17
828
2
593
44
380
60
42
108
27
331
311
54
34
792
1014
644
268
347
17
67
63
19
57
60
826
796
64
659
59
17
32
159
30
62
13
63
50
45
190
36
560
156
17
607
559
12
721
61
464
667
404
147
310
10
26
47
10
776
727
57
303
814
20
723
169
436
7
867
429
44
12
294
12
1000
30
576
768
19
5
420
62
20
456
895
46
352
63
22
595
84
198
841
228
431
702
37
57
26
642
50
19
113
56
2
146
1016
44
132
953
113
2
434
602
778
16
16
169
118
914
828
265
1005
220
852
834
51
1010
781
835
48
44
51
498
18
14
681
31
59
13
162
766
333
591
219
306
908
323
29
410
569
1020
773
41
519
52
575
467
36
758
34
1009
97
14
31
658
28
934
26
516
10
43
491
551
825
47
357
55
897
659
766
300
398
115
147
29
137
50
46
324
180
781
21
653
525
30
20
60
906
53
492
639
739
143
37
535
673
57
530
51
214
42
296
62
269
882
389
134
343
574
205
284
15
711
531
31
24
422
105
38
978
59
41
5
49
675
1024
59
880
45
996
791
258
46
13
183
755
203
375
6
876
798
8
41
273
5
771
21
516
224
721
871
15
33
10
87
810
27
14
56
164
421
318
996
849
546
984
63
928
42
409
24
36
1
250
823
38
951
25
816
633
30
9
328
15
185
25
890
735
7
3
284
995
542
916
322
12
11
630
12
455
526
242
437
987
33
785
1023
17
9
921
203
27
4
29
33
6
25
980
291
633
9
800
248
29
678
60
353
59
56
870
814
211
29
171
621
87
695
797
53
705
3
455
1014
964
768
769
3
37
803
728
54
299
161
396
147
50
775
11
527
758
899
651
347
30
518
952
43
367
48
868
4
173
240
6
564
469
879
16
754
41
649
26
40
853
27
49
937
509
4
61
244
26
699
653
42
4
995
765
366
809
39
7
135
637
233
49
34
901
837
44
32
803
408
739
7
883
777
4
861
73
682
11
165
781
574
525
976
286
749
94
63
24
63
35
93
51
28
608
11
11
251
33
354
10
634
62
636
4
461
48
81
729
806
568
526
646
6
573
63
952
483
46
418
3
716
16
125
47
356
339
512
61
229
535
248
593
706
811
376
395
446
52
48
174
153
18
344
54
19
221
585
31
6
102
787
41
605
33
142
329
857
284
823
40
134
675
34
376
125
188
20
867
283
298
935
7
1003
684
41
58
24
285
960
703
151
164
614
313
273
56
51
450
34
11
776
972
680
757
476
347
309
63
923
48
50
242
278
743
798
874
372
628
135
17
670
45
56
42
95
701
29
953
345
10
30
907
819
31
36
391
54
611
364
960
47
261
612
655
22
461
893
41
16
34
354
847
606
39
658
873
59
293
1
440
30
93
880
243
10
19
990
33
87
1
306
672
335
26
56
771
503
524
103
520
977
45
14
823
19
985
15
674
167
117
35
50
91
54
814
234
54
999
10
149
320
438
29
929
212
6
25
671
794
12
396
45
61
945
251
635
40
637
49
52
794
16
37
493
3
26
439
333
90
561
61
804
205
54
39
58
9
23
30
55
28
645
5
41
13
796
20
479
894
226
343
42
447
357
42
138
63
157
43
994
628
600
518
96
486
606
52
863
1
108
832
5
14
64
3
715
319
14
331
20
3
148
979
454
16
27
12
263
21
922
47
57
41
8
34
781
757
999
764
792
28
28
75
822
29
398
27
508
444
874
5
766
233
403
22
43
31
32
25
347
28
22
821
41
60
790
252
865
235
29
7
300
769
365
295
264
111
17
511
173
171
25
491
966
58
421
747
43
616
278
51
8
813
128
519
559
357
43
35
823
47
792
8
146
240
835
10
17
21
57
166
545
780
151
51
919
11
953
79
36
544
980
461
88
7
379
306
72
725
572
676
64
822
16
733
988
288
25
8
7
538
588
27
998
1011
903
715
46
57
21
947
386
90
17
802
34
376
728
730
324
64
11
64
49
222
673
23
1
47
191
16
98
3
592
159
283
204
757
887
43
38
355
1
49
830
49
277
205
946
747
38
23
808
15
836
210
47
12
36
265
51
55
45
64
735
817
19
1011
210
456
20
140
41
699
53
11
890
258
37
369
713
15
57
277
12
586
150
