8192
11
24
39
6
51
62
24
54
44
38
53
26
36
24
11
24
27
47
53
31
63
5
17
22
15
46
53
26
38
19
4
40
18
40
27
33
8
41
50
40
17
27
54
29
58
5
51
61
20
22
54
19
35
58
50
36
31
43
10
48
52
2
53
17
11
29
43
20
41
24
47
39
48
40
1
49
43
37
18
18
8
23
29
20
25
54
46
12
9
53
49
17
54
25
49
28
56
40
8
64
18
49
59
56
60
21
62
14
25
37
37
58
30
19
42
36
45
33
24
64
3
55
35
11
39
21
7
5
23
30
6
11
2
31
21
1
25
24
35
53
45
4
17
57
16
15
53
48
9
10
26
51
16
59
37
28
17
59
55
5
47
58
50
4
44
59
59
1
26
23
32
50
23
54
58
16
47
61
14
8
25
52
41
21
36
53
9
28
31
41
11
2
361
998
807
304
790
125
360
249
204
97
719
334
918
425
417
854
602
389
934
904
336
257
211
106
411
215
860
804
313
330
976
153
792
568
755
661
330
633
642
233
797
490
949
892
380
166
270
904
380
353
159
709
186
717
1001
378
247
584
767
903
434
716
280
466
43
31
20
24
17
3
7
19
20
11
59
58
19
49
41
53
32
61
32
45
43
6
40
19
64
8
53
21
62
7
15
34
42
21
29
36
36
53
30
20
7
48
56
43
17
5
57
17
62
3
47
64
26
38
32
30
56
43
46
13
15
37
12
40
37
11
15
56
37
60
62
44
26
39
19
7
5
60
36
20
47
7
13
45
19
63
17
51
25
13
55
52
27
33
47
5
53
16
42
19
22
8
23
17
33
17
60
64
56
39
45
24
33
22
31
30
58
25
14
55
20
7
57
44
40
11
15
4
27
20
29
53
53
30
37
30
15
9
29
18
1
56
45
2
6
41
55
54
56
15
61
61
63
21
35
21
19
38
32
10
15
3
43
23
11
62
28
26
21
6
42
60
19
50
2
39
62
62
17
5
39
17
45
24
58
7
9
27
2
23
1
44
986
168
313
107
381
571
645
196
173
890
677
338
110
441
501
237
407
684
1018
972
361
939
215
84
523
536
927
727
559
931
338
722
627
396
943
507
993
124
645
378
663
827
877
809
162
599
999
568
525
528
600
132
452
863
386
131
978
313
429
728
380
834
435
846
13
12
58
18
1
16
50
28
30
20
4
24
58
9
40
56
13
56
24
20
52
21
1
15
6
41
62
1
40
12
2
30
3
30
1
49
53
38
24
4
7
50
51
25
49
6
7
61
47
61
1
35
18
9
55
31
31
33
40
13
27
39
19
15
11
20
27
29
50
35
18
32
13
31
46
55
6
43
19
38
32
23
2
60
13
19
38
35
19
25
54
26
42
6
23
54
55
28
53
56
45
10
34
3
62
62
51
22
55
60
36
11
60
41
10
26
8
23
62
50
46
50
39
50
18
46
62
28
49
40
31
35
29
54
37
40
1
16
63
12
49
17
8
21
46
62
36
7
15
21
33
3
9
34
2
17
57
13
43
5
14
63
13
48
30
29
53
26
32
48
56
33
64
32
50
7
38
8
47
17
19
17
19
26
54
55
13
52
52
53
7
35
88
236
312
787
333
431
460
709
759
512
710
1024
835
773
728
1011
829
156
1004
778
487
464
259
250
979
1002
623
679
1001
647
830
584
620
984
785
329
800
984
547
446
206
830
763
251
1005
974
156
125
261
568
677
680
835
155
642
603
920
451
791
664
380
947
296
1022
14
3
15
5
8
49
39
52
47
22
23
1
24
14
56
62
60
28
42
38
38
60
57
64
18
49
55
43
42
32
8
16
1
7
44
53
4
17
20
32
19
19
7
17
48
8
30
41
41
57
55
39
7
10
19
47
25
12
50
8
15
26
35
14
11
22
23
14
48
33
25
48
12
1
38
9
12
6
36
40
51
4
63
46
3
30
20
52
14
55
16
11
36
2
51
64
3
60
4
64
18
1
64
26
61
20
5
29
45
63
41
55
9
48
16
40
21
49
54
41
14
14
24
28
51
61
49
19
1
4
52
10
35
5
35
58
59
43
18
24
57
33
29
18
43
56
28
58
9
7
20
37
44
6
62
19
42
18
33
27
47
43
59
64
60
56
31
59
39
59
59
52
63
39
55
16
41
17
9
45
46
24
52
6
47
41
13
18
20
20
11
32
214
720
88
736
186
316
371
504
423
714
93
500
150
851
495
102
469
230
984
248
953
488
529
392
932
308
461
733
812
675
335
339
601
728
1015
730
665
600
513
447
566
998
154
966
255
200
199
299
762
760
871
389
400
760
106
156
853
650
235
945
169
915
607
570
5
57
42
16
23
60
24
8
5
25
2
43
36
41
23
48
49
58
23
58
11
43
22
4
63
19
27
1
35
62
8
13
58
30
14
55
22
35
48
61
23
34
50
15
16
46
43
39
37
59
55
11
16
26
57
16
62
40
40
21
51
57
23
62
21
18
7
64
18
37
41
59
30
20
34
46
26
13
11
16
14
26
27
53
36
64
32
8
10
56
53
39
60
19
38
62
36
41
19
64
11
23
40
59
39
38
30
61
12
18
16
1
33
34
26
17
13
43
31
50
20
25
34
51
15
29
52
23
30
60
61
48
21
63
2
41
26
30
64
2
58
36
33
23
25
37
48
46
56
34
9
45
49
64
60
15
46
5
21
62
60
19
50
7
43
18
13
40
45
56
23
26
12
26
33
15
10
58
22
42
20
45
40
63
32
63
35
15
3
14
46
56
243
284
678
561
865
630
868
143
256
481
417
616
611
828
114
992
338
1000
889
222
580
607
540
86
878
389
994
611
862
430
111
1015
960
621
850
152
973
784
210
270
691
214
326
782
303
541
247
316
746
234
726
530
215
376
245
472
688
597
780
514
1024
775
491
971
12
27
57
16
51
19
43
30
43
8
10
50
3
13
40
4
1
56
46
41
21
25
31
42
30
38
47
43
50
28
38
28
31
42
2
29
14
58
63
17
49
64
33
21
7
36
1
55
63
57
14
42
46
42
41
8
13
47
30
13
37
19
42
1
28
12
29
26
53
41
33
22
42
33
33
32
35
8
51
10
40
62
41
14
45
29
45
4
57
57
40
43
47
48
23
55
13
6
3
28
37
12
15
40
13
31
3
57
40
21
58
16
14
26
1
54
55
15
51
48
39
16
60
64
15
24
46
19
34
14
11
36
16
11
8
63
28
25
58
52
43
9
28
11
56
18
50
41
64
15
62
56
55
52
50
18
20
58
31
26
61
2
59
41
12
58
43
4
37
28
27
5
45
13
40
2
9
43
44
39
38
45
26
12
45
33
21
43
28
19
6
64
538
551
846
1019
657
932
192
549
267
722
447
175
439
1000
485
556
576
193
457
416
402
98
732
727
111
611
496
121
380
823
529
879
645
385
701
675
510
955
366
126
309
298
557
867
146
183
563
357
754
547
652
337
897
357
213
850
718
996
981
544
1012
824
597
129
54
35
1
40
29
9
48
15
15
60
27
41
31
28
11
17
1
33
48
16
12
41
6
18
29
9
33
55
55
30
46
49
40
13
6
12
28
13
59
19
27
61
9
23
9
43
64
59
43
16
47
10
21
14
38
62
20
28
22
6
16
43
51
12
18
21
42
13
26
31
61
41
40
58
50
9
27
45
23
60
57
15
57
9
25
44
29
42
2
29
41
44
11
31
30
45
30
61
17
30
60
61
32
5
40
5
8
40
11
38
62
40
16
6
39
53
60
2
62
58
56
9
37
48
63
18
26
49
32
18
39
17
64
9
2
4
4
12
60
55
22
3
5
2
57
27
60
43
61
4
30
24
31
44
29
13
48
58
59
61
55
40
31
23
41
49
28
22
27
14
41
15
8
55
8
59
10
63
63
1
16
15
19
45
7
3
1
42
62
1
6
8
317
829
143
969
93
852
105
664
523
880
881
865
649
565
795
420
287
878
675
707
939
571
897
897
682
788
921
146
476
160
693
1003
87
379
560
977
333
173
379
825
582
824
842
1007
615
731
586
672
655
608
376
748
515
101
641
193
84
128
509
322
678
1000
574
479
35
57
1
53
29
14
19
41
52
64
17
7
12
24
9
31
25
49
41
18
32
61
23
6
4
3
21
5
53
1
30
50
63
42
47
21
37
55
3
13
1
27
22
64
29
60
26
4
56
48
6
60
1
22
16
18
63
49
45
60
41
14
32
38
28
39
59
25
6
39
3
15
42
7
54
18
57
33
34
29
47
10
58
30
18
41
20
42
47
11
40
49
57
52
36
32
37
64
61
16
12
58
4
30
36
20
24
5
4
58
25
16
44
61
27
36
13
53
49
39
7
50
35
38
39
2
52
56
25
21
46
7
63
39
60
43
61
44
37
12
58
18
13
64
7
33
63
31
16
62
30
56
58
22
43
26
23
14
31
10
14
13
17
36
23
21
35
36
45
26
35
64
43
3
60
14
9
22
4
35
64
25
12
46
21
63
17
8
36
6
46
40
281
698
1023
515
594
269
682
494
685
104
543
792
220
265
318
973
179
330
849
919
714
1003
707
563
215
697
220
638
441
467
432
402
495
570
732
570
554
309
529
811
786
799
723
732
413
287
192
989
96
223
432
745
382
799
866
79
792
801
848
72
327
171
106
909
52
55
1
27
19
62
23
36
11
14
41
2
29
55
40
63
31
28
40
17
39
61
12
61
46
19
4
14
23
46
7
50
37
34
39
47
33
17
50
48
30
42
43
50
16
55
22
10
40
64
63
61
50
49
17
43
35
25
36
6
20
51
30
20
59
15
1
63
64
47
64
18
27
4
59
25
48
49
2
46
44
60
41
41
2
20
30
46
63
47
37
24
57
58
1
30
56
33
35
36
19
27
27
64
14
26
37
27
4
20
27
55
31
56
16
14
24
22
4
50
59
19
1
47
6
52
40
41
13
49
31
47
27
23
32
52
16
57
18
37
34
52
2
36
49
4
44
4
55
29
29
62
4
44
26
47
14
63
51
64
45
59
4
32
15
31
10
13
63
8
44
22
40
10
59
13
31
6
47
27
54
19
4
48
18
63
8
27
63
18
45
19
260
1001
879
937
176
400
184
436
505
723
875
416
906
335
74
560
667
1014
774
484
919
431
199
907
355
301
359
625
445
95
435
180
549
623
660
533
795
807
270
409
823
402
183
319
611
365
477
565
669
382
688
586
905
963
602
821
291
82
866
847
120
185
410
497
12
15
12
29
12
25
18
50
46
61
23
55
63
63
37
60
10
54
53
62
13
51
9
28
28
4
54
6
42
22
1
31
54
50
20
50
36
23
35
43
10
28
33
30
35
57
34
36
17
11
3
51
3
14
64
60
28
14
5
11
8
2
44
25
22
28
12
32
50
62
47
11
11
36
21
35
26
12
63
2
53
13
18
46
64
9
45
4
52
45
2
10
14
6
29
38
25
35
34
37
49
33
34
30
19
60
11
28
30
50
2
58
33
32
54
4
6
13
57
55
60
24
23
12
53
10
10
50
30
57
7
30
6
39
20
40
25
12
19
44
15
39
12
49
58
20
17
18
3
2
39
23
50
16
3
44
34
15
29
5
1
32
10
38
16
11
35
63
28
40
62
57
44
29
37
10
39
10
6
40
40
57
33
38
44
13
16
25
28
57
12
18
727
246
762
241
315
635
428
96
973
136
179
862
929
165
914
501
503
610
701
291
343
660
877
865
215
845
97
448
115
631
589
789
709
1005
197
722
400
94
990
375
787
839
181
133
979
197
616
455
631
757
983
807
716
195
930
100
954
492
533
258
412
555
825
155
41
37
30
12
14
35
8
18
7
9
27
58
62
60
1
18
4
31
44
43
26
55
34
47
24
19
15
15
37
7
14
43
5
58
61
45
40
62
20
14
16
29
31
22
28
51
17
34
46
12
25
16
63
6
25
9
52
13
42
40
13
46
44
62
16
37
17
57
26
49
64
52
53
23
19
45
46
19
34
30
37
31
47
23
30
49
61
6
31
28
34
54
20
64
41
7
34
37
40
40
37
1
49
27
30
2
46
22
5
5
28
44
49
58
35
10
32
51
14
51
16
47
33
53
37
47
30
38
20
39
29
38
17
57
57
17
6
5
39
59
21
56
14
21
39
16
11
38
18
18
11
41
23
28
52
31
9
50
1
25
11
26
64
33
52
8
5
26
55
62
64
29
45
31
49
2
34
34
52
19
35
51
46
47
11
32
37
20
44
29
22
16
703
1008
689
574
899
748
296
87
110
673
543
375
282
174
428
767
187
695
344
570
888
218
687
424
662
417
359
952
190
624
202
861
289
486
410
821
302
553
304
68
627
974
942
236
491
910
965
351
269
258
172
121
637
385
1017
783
222
942
327
383
264
840
739
531
32
43
62
22
1
19
27
28
46
16
20
43
11
16
40
33
22
20
2
25
7
49
21
19
50
20
11
51
11
6
9
5
39
46
24
47
61
53
3
55
25
60
32
13
11
44
56
17
58
58
57
24
40
62
30
63
32
26
24
32
42
47
25
63
7
44
34
60
15
2
46
1
55
34
29
60
10
8
27
54
3
61
44
52
42
27
10
38
27
17
57
48
31
12
3
35
5
49
44
35
10
49
54
14
35
26
62
17
22
14
35
47
34
60
8
24
33
53
5
58
37
5
36
2
61
20
21
55
22
48
46
49
33
59
47
59
63
60
2
10
44
19
6
9
46
4
51
35
60
2
50
7
31
40
55
23
63
58
48
6
20
37
20
30
14
1
58
51
54
7
24
53
52
36
21
51
63
35
14
10
28
12
51
35
20
51
8
52
8
54
57
41
755
724
464
637
335
340
852
761
683
628
132
69
345
472
389
995
887
823
609
946
936
347
208
912
934
867
564
792
71
769
260
206
458
271
781
441
550
120
84
602
846
610
430
911
834
337
293
430
302
342
773
404
942
411
476
509
135
518
171
837
300
312
301
697
12
33
39
63
28
27
4
41
34
58
63
16
61
26
9
4
20
36
19
32
5
34
29
43
34
37
47
49
23
57
17
23
19
50
29
45
18
26
4
51
52
53
56
62
60
61
20
1
30
7
39
47
31
29
59
49
40
53
18
35
42
5
45
38
33
8
59
57
42
35
61
6
59
24
50
25
20
55
27
4
41
24
55
60
45
54
13
64
62
7
45
46
13
9
27
63
7
41
58
45
12
16
56
10
63
35
39
57
54
35
63
29
50
1
16
44
42
23
38
37
61
56
24
45
52
61
45
27
9
59
36
17
56
5
29
12
35
58
35
62
41
37
38
52
45
52
30
34
27
16
1
46
32
3
40
5
21
62
61
38
56
60
33
62
54
57
41
30
10
63
48
62
54
23
50
10
63
7
22
10
49
49
31
43
10
11
44
61
1
59
48
50
134
762
533
964
423
989
103
298
618
833
721
318
967
480
138
630
79
849
1020
371
230
599
562
372
948
632
455
359
882
418
642
359
299
785
88
424
643
272
1006
1000
713
66
741
65
445
406
424
228
860
880
504
316
341
781
710
585
386
954
239
134
472
512
585
699
24
24
61
51
18
44
33
48
33
17
17
21
56
30
44
10
8
49
34
59
60
9
40
13
53
11
31
6
7
59
60
62
52
23
10
16
19
59
61
56
45
61
2
56
5
27
42
41
56
53
14
61
51
18
46
29
45
34
31
19
38
15
48
35
35
21
63
55
31
29
8
57
36
63
17
43
16
54
29
41
17
5
19
42
9
56
48
41
21
38
27
31
37
7
42
35
13
9
33
4
21
9
24
35
4
19
9
14
63
49
57
48
64
55
59
39
20
46
60
54
53
9
11
26
8
32
40
33
17
22
49
41
60
56
6
54
47
54
31
59
16
19
6
4
13
4
52
22
39
56
43
21
15
21
14
27
23
62
1
22
63
3
16
4
30
2
51
11
52
43
26
37
22
41
49
63
46
5
10
8
54
41
8
11
30
29
48
48
33
8
4
51
191
222
752
789
540
390
889
429
601
408
184
510
232
168
280
522
575
851
519
66
886
599
805
162
548
257
894
182
546
378
995
482
586
657
250
972
727
320
452
516
131
266
150
846
798
820
1012
403
707
263
365
140
471
906
415
120
644
665
960
796
616
138
926
999
1
36
40
43
55
20
50
27
41
37
14
63
19
36
36
25
63
19
1
32
12
31
33
34
49
10
19
38
27
31
38
50
10
63
7
15
46
15
11
7
63
34
31
14
13
62
15
60
20
60
53
13
62
4
51
33
30
37
12
6
38
21
53
50
51
7
25
58
47
28
20
14
55
29
64
14
63
61
2
43
39
43
56
31
12
11
54
3
47
61
30
49
51
3
46
57
36
56
16
51
36
30
2
16
20
31
4
18
52
5
56
25
42
14
14
54
34
54
59
32
17
21
21
20
16
30
35
11
1
24
8
4
9
60
51
52
42
45
31
63
44
64
19
34
20
20
24
52
10
45
15
7
31
23
31
4
64
34
34
14
21
60
1
10
9
11
17
31
11
1
11
32
15
19
17
38
43
13
9
37
31
27
57
4
44
22
30
41
36
2
64
32
601
623
744
312
1018
985
281
341
285
265
160
140
1016
459
647
225
631
441
974
858
175
631
604
653
705
682
586
306
838
949
869
701
701
608
688
786
482
162
455
352
568
414
787
582
834
999
221
976
623
287
433
554
375
502
728
879
668
390
122
850
852
326
106
375
26
30
41
53
10
19
19
40
7
49
36
8
35
37
24
55
34
45
52
2
45
64
17
55
41
38
49
26
7
52
29
40
43
17
61
11
3
20
19
52
39
41
3
6
18
34
12
32
1
7
64
64
3
15
18
20
59
6
57
55
58
4
14
60
36
20
57
39
8
28
13
51
49
14
16
9
58
45
54
62
29
18
62
48
17
20
52
59
35
2
2
23
10
44
58
52
32
52
45
35
10
6
28
17
17
8
40
18
53
45
64
24
52
13
8
43
46
21
62
28
58
14
11
34
44
59
2
7
49
6
44
25
36
32
17
12
36
49
59
22
64
23
58
32
30
3
45
10
14
55
2
18
12
1
51
11
18
39
62
18
52
4
3
19
47
33
49
37
4
54
30
9
6
20
6
35
45
36
41
31
48
49
50
17
29
28
55
12
50
7
38
17
764
462
267
951
509
505
853
983
385
241
639
823
831
160
467
126
740
643
681
234
546
702
319
424
568
391
268
615
632
76
823
721
629
700
494
904
94
671
438
445
794
557
727
897
750
787
421
906
824
449
350
153
957
881
242
722
409
774
753
365
535
807
73
288
12
64
59
12
37
7
38
52
18
54
13
46
41
41
40
20
33
9
61
2
58
10
36
56
12
1
51
7
4
44
12
7
14
2
38
64
54
19
12
61
45
27
5
62
29
21
5
44
24
46
44
19
2
50
55
35
12
52
36
48
50
1
22
29
31
54
52
24
53
33
46
44
17
7
14
38
11
40
18
58
62
31
54
9
25
3
23
26
56
23
44
14
22
28
51
28
26
50
16
1
10
55
35
23
11
48
11
49
46
45
17
40
46
13
45
43
49
38
53
38
2
33
30
24
29
1
55
30
25
44
59
34
36
5
29
63
14
37
28
35
9
10
30
2
20
45
60
44
45
25
27
50
50
2
23
15
10
51
17
15
58
20
62
49
25
18
58
32
39
2
14
13
9
62
61
32
40
40
22
20
52
11
47
47
16
21
44
37
6
55
27
30
846
667
890
982
185
805
927
665
615
774
689
338
679
847
670
251
581
821
814
743
695
350
176
929
999
834
715
630
508
581
777
534
457
778
973
875
951
191
844
562
781
534
406
150
291
784
617
780
649
617
757
919
699
77
387
821
543
452
382
1021
548
905
426
551
50
24
54
31
52
54
36
63
50
28
27
64
58
47
26
30
13
39
23
16
27
59
38
58
35
27
45
18
20
55
64
20
54
58
24
9
2
48
6
10
1
7
60
26
55
6
21
35
6
52
28
1
36
34
20
47
56
14
22
57
49
7
30
19
42
20
20
11
5
52
63
1
3
53
38
11
40
42
19
4
36
9
13
61
61
62
9
47
10
34
20
51
33
33
55
39
42
15
52
20
58
25
52
42
11
34
18
53
56
60
40
23
16
19
33
5
12
50
5
53
30
51
35
42
28
36
47
9
58
17
29
63
37
44
30
17
52
2
60
29
22
53
58
1
49
50
58
21
28
9
45
19
50
48
35
38
48
11
52
4
40
11
34
56
56
6
55
47
63
62
1
41
32
8
49
22
31
40
2
25
60
12
28
16
41
8
19
61
9
25
6
30
381
853
692
428
796
88
388
366
318
449
353
169
360
113
403
244
816
377
638
777
108
514
346
74
206
995
918
663
844
884
981
335
756
952
74
906
858
915
1018
172
586
326
739
458
316
330
605
668
745
266
205
232
983
331
115
117
471
607
635
622
314
464
679
925
10
36
5
46
32
58
57
26
6
58
20
53
9
54
24
42
7
8
62
33
22
12
64
63
36
11
3
5
20
18
62
57
14
47
56
58
63
23
9
27
11
59
6
64
53
26
58
59
31
33
42
49
50
34
44
46
62
22
38
9
45
53
51
29
49
11
51
57
36
44
31
23
39
54
28
7
45
59
48
9
62
17
26
14
14
26
30
39
29
44
7
6
25
1
23
27
6
52
38
57
8
25
46
59
2
56
17
16
39
33
15
48
56
34
39
15
21
21
32
56
64
61
24
5
56
57
8
34
15
54
13
14
60
29
24
22
53
60
10
18
47
50
38
20
23
51
56
27
64
53
37
19
26
55
58
1
17
37
17
4
56
13
2
44
42
10
35
42
13
56
35
25
49
5
28
25
42
35
12
45
63
24
29
1
36
30
49
3
52
62
52
28
657
900
511
262
603
573
98
321
402
281
65
456
958
723
848
327
892
169
471
212
466
422
507
279
389
93
152
235
722
555
331
464
632
690
432
579
205
405
598
645
590
91
451
127
527
332
403
713
979
534
473
114
80
275
86
455
796
902
95
221
297
1008
978
102
62
19
3
58
31
40
36
52
63
54
15
53
11
24
51
8
1
61
38
19
29
13
13
43
25
19
17
59
8
41
31
15
24
33
10
32
18
19
46
5
35
40
55
42
2
63
27
41
15
19
7
37
41
35
59
2
10
46
57
31
56
45
6
37
32
28
52
34
25
49
24
58
53
14
49
18
52
53
32
56
46
30
6
15
62
37
53
50
30
15
27
44
54
55
48
16
22
47
59
15
41
35
61
38
7
48
2
58
41
27
9
29
8
45
33
12
13
53
33
61
7
46
2
22
19
60
22
41
22
9
62
12
12
29
57
43
17
12
31
13
6
40
3
35
63
61
64
51
54
48
48
6
50
35
12
39
48
57
21
27
64
6
64
26
15
61
61
52
60
19
1
57
35
46
62
54
5
29
35
44
26
45
47
54
33
48
60
28
9
15
1
34
625
259
79
520
288
992
352
490
420
503
312
195
636
69
480
542
247
76
238
111
1004
150
951
973
228
542
498
966
727
123
222
737
287
858
428
181
145
877
758
281
476
512
655
413
535
386
99
1015
696
1023
1012
308
294
403
293
155
287
613
944
146
440
143
956
497
7
23
11
10
8
24
38
10
15
35
41
62
7
48
57
33
35
45
24
24
42
20
2
63
15
38
19
41
41
44
44
52
54
31
35
45
25
2
28
57
4
41
47
6
63
13
49
11
58
45
56
7
38
28
13
26
21
14
61
5
9
24
34
37
37
40
55
38
35
60
39
38
22
62
61
26
39
1
61
15
15
34
43
16
30
58
56
30
53
23
10
59
25
53
55
13
17
61
20
64
64
52
35
47
55
44
50
33
43
42
1
42
57
44
57
57
6
29
57
2
25
46
5
13
60
61
14
50
32
37
6
59
13
28
49
24
24
16
35
32
34
52
45
19
7
12
14
31
29
5
1
63
61
40
5
57
49
16
45
30
19
1
42
25
32
51
4
57
56
42
17
48
31
8
59
28
46
36
55
5
24
59
48
29
26
33
35
20
30
18
43
3
561
460
898
721
855
508
985
340
904
84
384
1021
706
993
187
445
706
536
875
433
293
275
756
750
435
479
810
887
923
454
1010
211
190
501
565
670
687
221
690
825
408
145
588
543
421
691
83
780
174
207
508
771
153
705
194
281
553
953
297
579
716
122
999
66
10
30
44
51
22
33
30
63
1
52
46
60
33
51
25
33
34
60
32
18
53
20
62
29
5
3
42
39
4
37
6
21
40
42
48
12
41
29
20
39
56
39
46
59
15
1
51
37
8
41
31
3
42
38
9
3
45
9
60
11
42
48
15
16
49
54
23
22
54
44
57
64
58
14
4
32
55
20
1
11
6
60
61
53
58
53
39
37
43
12
44
33
10
2
1
20
51
42
20
18
61
33
22
38
21
38
38
46
19
11
44
30
56
21
37
50
37
4
59
35
30
46
40
42
10
55
18
39
64
45
48
10
55
63
59
44
60
23
33
10
43
11
55
44
1
10
50
42
49
41
11
62
45
19
61
24
34
36
56
58
28
63
15
43
53
36
11
43
19
31
14
31
18
44
34
8
61
24
25
35
63
63
31
30
40
59
46
1
49
62
10
4
468
736
738
767
794
782
156
353
481
703
482
650
388
769
845
105
796
451
413
582
372
847
686
68
287
279
773
269
171
562
438
963
698
870
653
676
475
138
512
967
505
363
589
327
997
986
432
640
425
301
80
884
825
642
281
574
130
207
383
645
961
492
810
975
56
36
35
10
16
26
38
60
6
6
23
17
49
10
47
7
7
61
44
43
6
36
7
50
48
39
51
16
5
24
29
44
30
58
58
62
15
38
46
58
31
64
11
39
35
21
38
31
48
13
19
2
56
2
23
25
17
34
37
61
34
7
25
50
3
19
21
16
51
41
39
64
17
36
32
57
16
24
62
27
52
57
39
55
34
33
9
59
16
43
51
47
42
28
12
19
2
31
55
17
4
17
2
17
52
4
36
20
37
45
61
47
17
33
25
41
55
23
12
28
6
49
12
44
63
44
24
20
3
3
40
17
36
21
16
53
41
46
20
16
15
2
17
5
45
26
2
48
25
4
19
16
22
47
27
37
44
31
42
44
18
26
47
53
5
2
7
8
14
11
60
20
57
37
51
40
5
16
8
28
33
30
48
48
26
1
43
26
33
48
34
34
492
244
520
776
180
798
421
108
595
1003
498
798
572
691
162
634
1017
776
968
512
353
105
381
1017
289
286
87
607
431
400
762
111
388
898
920
329
784
867
806
954
193
339
590
918
991
805
507
168
97
741
701
152
426
651
608
145
983
642
344
198
715
485
784
445
46
60
9
1
56
44
29
13
62
7
55
29
16
29
10
56
46
33
8
56
57
35
42
64
16
53
22
31
51
59
53
8
3
48
8
32
33
21
46
43
52
57
44
38
58
48
11
41
33
50
62
3
7
18
49
46
6
42
9
45
12
60
18
37
57
47
57
54
53
22
2
59
50
27
18
8
46
20
35
52
26
2
52
56
64
19
61
50
49
51
16
27
35
25
48
18
12
13
52
31
5
22
19
50
4
29
43
47
55
45
48
24
35
39
50
9
26
63
31
57
6
26
4
16
9
62
56
2
50
64
51
5
3
11
14
38
43
1
59
35
63
5
36
4
7
58
1
29
60
3
7
61
53
18
53
40
61
58
42
29
34
43
8
63
55
46
22
3
6
48
49
6
7
61
60
32
51
51
57
58
9
36
46
58
34
26
28
42
5
43
7
49
1002
470
912
956
949
704
951
273
816
736
162
642
337
833
979
217
764
283
971
733
973
856
432
349
656
845
939
982
537
722
747
786
189
240
979
135
126
424
203
687
937
303
217
360
844
399
188
702
839
946
528
165
928
281
557
501
616
714
884
163
69
618
250
762
28
31
43
2
39
7
43
4
28
34
40
31
1
49
40
11
43
48
34
31
20
14
23
24
37
7
4
3
63
41
41
28
9
63
52
56
45
32
23
64
11
18
9
16
31
37
59
11
2
7
33
36
16
11
60
19
45
21
20
12
12
43
29
53
53
8
19
27
1
61
38
62
34
61
62
8
36
52
50
18
21
39
15
12
41
46
58
62
32
16
23
35
24
10
64
61
50
36
35
29
6
63
22
49
4
39
5
20
45
36
53
23
10
46
5
11
41
31
20
5
41
57
42
32
28
16
29
59
10
53
19
47
47
47
1
31
34
58
5
26
30
6
25
52
64
21
50
16
8
10
26
50
41
5
16
61
30
23
14
33
59
51
29
42
18
56
51
30
9
55
38
51
33
1
21
22
59
40
41
15
23
31
52
31
9
17
3
25
21
59
4
13
496
146
99
108
925
877
876
711
526
879
297
389
284
445
839
658
718
161
504
651
657
297
610
161
733
496
736
748
363
876
841
657
854
127
510
69
162
624
101
318
505
349
235
832
862
870
658
186
66
359
533
841
187
648
436
592
171
973
217
945
747
177
505
821
33
3
13
29
53
55
35
31
17
12
23
47
41
8
21
9
48
16
22
36
13
35
39
51
40
64
2
25
10
26
46
27
49
21
36
36
28
37
37
54
5
43
56
30
24
17
39
21
34
18
44
39
28
1
31
33
58
47
30
39
61
44
13
50
17
49
7
56
55
7
22
47
54
52
15
45
20
28
62
14
27
4
39
59
25
24
40
40
49
53
47
3
21
40
35
39
35
7
45
53
6
28
35
39
27
30
63
47
10
53
9
23
32
59
57
63
24
16
17
14
36
39
63
26
6
46
34
34
12
8
49
24
27
45
23
40
59
33
43
34
34
46
59
40
55
28
53
39
11
38
57
6
55
3
31
44
42
24
61
43
36
23
39
56
45
10
63
44
31
52
16
61
54
28
57
60
43
4
38
40
39
50
60
59
58
42
34
48
44
60
6
37
880
990
712
509
81
987
537
984
758
792
341
751
165
69
683
498
1019
326
448
400
219
877
766
278
883
697
615
883
165
547
270
727
466
662
607
667
457
898
305
147
738
999
919
633
417
392
515
398
691
605
747
873
439
506
442
821
220
655
775
705
466
576
798
246
21
22
17
42
51
16
58
49
52
53
19
46
41
13
64
52
24
34
64
21
24
57
56
44
3
59
37
38
58
47
64
24
49
41
63
4
9
25
4
52
6
50
1
11
62
56
2
28
29
30
31
55
37
5
3
56
41
64
28
33
28
10
33
30
32
59
50
1
8
27
60
4
42
48
47
5
22
42
43
22
50
32
17
40
28
13
4
61
32
57
41
27
26
37
36
37
11
35
18
10
29
42
41
12
7
41
18
63
62
17
47
35
42
13
2
30
63
44
59
26
50
56
13
23
43
44
48
43
22
58
7
21
53
53
31
55
47
25
41
37
52
10
59
55
23
62
31
6
11
20
54
2
13
15
28
29
62
41
51
12
15
50
29
59
7
46
27
59
11
46
26
50
1
2
14
24
31
55
12
19
52
37
56
12
40
29
34
59
25
11
49
37
604
542
947
101
139
355
951
769
220
251
811
929
1000
1019
868
937
974
570
754
311
318
82
929
235
358
720
272
366
158
82
682
545
521
121
131
298
123
712
550
449
975
1013
585
195
855
208
214
539
774
170
780
551
800
959
185
310
80
899
511
612
991
949
692
648
37
52
9
38
23
18
32
57
11
13
51
44
51
25
54
3
45
35
14
57
38
14
45
41
23
54
59
27
26
30
32
31
4
46
14
6
38
49
11
38
44
45
46
63
5
33
29
31
26
26
41
43
11
47
10
41
17
43
45
63
58
17
25
39
35
42
22
25
7
22
64
61
11
2
58
48
27
41
6
55
11
27
57
13
52
22
8
16
46
27
27
47
24
20
39
9
26
19
36
16
12
23
43
41
3
64
6
17
48
29
1
11
18
39
11
1
4
55
23
20
30
22
22
36
40
57
61
26
37
43
54
54
37
19
56
33
39
58
9
43
37
48
28
60
21
63
62
9
18
2
28
17
55
60
7
17
31
61
52
26
18
40
36
10
60
3
17
9
18
29
61
18
21
28
13
36
34
40
24
1
27
25
41
6
17
46
35
20
60
57
32
40
472
115
848
617
301
969
376
950
632
464
65
105
918
269
1000
980
829
859
669
112
663
464
555
470
74
763
966
990
348
321
259
656
1020
155
609
89
582
148
673
197
314
406
376
823
279
128
684
942
741
427
779
946
374
532
176
814
465
429
472
87
562
777
893
146
20
6
17
63
56
46
55
48
63
27
53
32
1
54
38
44
36
20
22
44
30
23
48
57
9
33
17
11
31
51
24
5
52
24
61
36
24
14
2
26
50
58
37
51
51
17
24
46
27
57
64
18
56
31
54
38
50
13
20
61
2
30
14
11
63
39
18
51
18
27
9
2
2
24
1
13
61
11
10
34
6
37
56
16
59
34
39
10
21
52
44
6
39
16
6
34
14
24
12
6
55
23
63
13
23
58
47
36
53
41
57
13
51
4
3
27
1
20
17
23
53
62
40
19
32
60
8
49
25
4
11
21
55
15
28
6
53
54
26
49
56
19
30
34
24
22
37
53
63
54
16
3
47
25
12
39
3
48
17
21
42
44
42
51
18
55
38
52
62
42
54
44
49
31
55
20
4
53
24
24
57
37
42
8
28
37
21
1
30
33
44
56
203
436
159
814
369
509
909
128
666
213
113
990
620
115
118
121
700
190
115
669
823
72
227
967
629
176
928
584
273
907
80
568
326
85
323
266
723
378
196
787
851
332
214
730
969
948
115
742
781
357
514
111
370
941
808
454
436
152
918
366
304
612
559
982
34
57
15
62
5
12
43
34
59
63
29
9
20
27
10
19
41
10
48
49
22
26
45
62
27
33
26
34
13
7
20
59
52
57
24
47
43
6
22
42
47
44
12
39
43
61
22
55
31
4
1
17
35
24
25
47
34
3
20
45
17
13
15
60
57
41
5
61
47
55
8
29
24
51
23
55
43
51
12
28
35
15
59
45
1
22
58
51
1
58
49
39
21
59
7
42
21
46
64
54
33
40
54
26
24
36
55
49
27
28
21
14
49
4
30
33
63
62
62
25
31
41
49
13
54
24
34
39
32
50
48
56
26
33
63
50
15
7
34
63
22
19
9
22
18
44
43
14
36
20
46
20
28
14
63
37
8
32
60
28
24
62
19
12
3
8
58
16
37
51
58
46
15
58
57
23
15
39
14
46
62
41
53
32
54
9
19
31
61
23
44
10
816
668
129
986
845
827
423
153
248
760
949
777
367
789
520
625
1004
922
292
143
209
943
592
656
475
929
472
748
391
476
890
789
706
553
507
882
203
121
554
741
797
440
128
787
953
962
1007
968
609
566
889
571
594
773
635
666
721
511
157
775
936
733
923
442
28
34
28
18
33
29
59
20
25
41
38
10
58
48
1
7
33
63
49
47
21
17
56
54
51
58
41
49
34
1
59
64
4
57
33
19
13
10
47
1
5
58
15
30
58
29
24
13
11
30
61
38
14
5
29
50
23
9
64
60
5
21
31
20
2
14
25
34
40
51
43
19
16
57
23
9
44
19
50
37
39
12
12
55
64
29
1
22
23
16
57
48
17
54
18
19
38
10
56
3
7
16
23
5
30
11
45
32
22
59
7
55
64
40
59
60
36
19
40
10
59
17
30
36
13
9
18
49
4
45
61
25
47
27
14
12
64
46
29
53
59
41
25
56
47
30
45
39
19
21
2
19
51
48
63
50
51
59
42
39
48
54
47
17
9
47
33
9
38
27
44
63
28
13
4
61
62
34
8
17
16
8
57
43
6
26
30
13
37
26
63
34
488
245
825
802
132
607
164
477
281
843
158
1020
655
373
480
943
204
314
303
289
280
650
331
137
1021
580
155
655
232
510
191
118
661
710
762
574
241
185
383
254
124
888
964
437
342
968
667
898
500
106
669
931
459
875
343
620
429
302
714
254
247
837
282
373
36
30
41
47
12
6
12
45
50
53
45
10
36
23
13
42
34
53
33
6
12
43
17
37
16
18
23
6
32
59
20
17
24
58
41
26
38
9
32
32
54
44
61
56
44
27
41
12
12
51
48
61
50
26
28
21
18
46
26
51
52
49
14
6
42
48
63
54
35
38
11
41
1
7
6
58
3
51
13
36
40
14
47
24
28
16
57
14
39
32
3
9
41
5
45
11
30
58
20
37
29
21
62
56
42
64
31
13
46
53
40
59
31
25
12
51
62
44
33
9
55
50
6
20
52
26
44
16
3
11
12
19
45
57
60
54
43
19
47
30
5
50
18
12
35
13
33
26
35
1
38
17
4
60
15
9
42
28
17
38
48
48
58
18
1
25
53
3
35
15
13
44
51
52
56
49
63
42
3
29
34
13
19
11
22
21
30
45
2
38
34
49
760
428
908
306
155
1009
127
521
158
574
470
385
898
839
249
224
721
787
542
859
349
510
706
940
226
83
986
979
499
407
200
192
738
603
515
625
408
735
375
833
943
527
987
760
318
336
734
456
545
332
514
239
636
490
183
841
963
579
880
456
999
553
937
151
