8192
185
90
1
4
584
596
37
191
93
766
902
184
14
175
15
40
267
856
699
178
49
48
108
13
10
2
617
969
3
124
326
263
13
657
4
1
218
17
149
435
57
463
27
1
95
904
560
822
5
137
99
233
4
518
103
173
4
37
175
105
845
510
498
158
109
479
287
728
113
216
984
221
327
524
94
795
9
16
55
615
1
872
166
714
167
879
389
382
82
101
221
194
92
2
100
55
186
1
505
1003
1
177
33
874
34
77
264
570
170
89
216
192
960
747
5
336
104
28
15
12
724
173
401
733
66
325
603
62
3
132
15
1
2
503
449
158
3
216
36
403
27
121
592
34
10
529
15
3
30
618
8
4
380
80
2
555
461
8
287
13
421
14
6
2
14
276
91
165
877
273
249
780
864
974
387
170
559
4
55
728
802
765
692
360
5
347
21
3
9
412
1
780
89
24
556
27
423
693
15
430
52
900
581
74
39
545
101
6
938
2
163
29
621
709
424
201
602
1
689
123
184
632
276
638
123
28
42
1
4
170
821
1
239
540
8
44
115
988
806
14
140
53
122
385
14
169
714
918
337
53
295
719
299
1
11
31
175
845
120
690
84
18
323
243
48
249
121
1
589
1
508
359
898
202
544
221
385
102
215
3
301
30
71
358
1
320
156
466
671
2
3
35
12
2
79
182
69
404
829
3
54
208
757
142
432
34
5
601
393
677
799
14
775
18
976
2
541
112
745
11
345
729
206
205
15
2
954
2
300
172
346
1
110
253
336
244
50
824
852
69
241
152
357
10
19
60
111
47
290
680
246
26
871
24
170
8
98
35
4
228
9
520
225
520
359
430
1001
105
83
93
889
2
917
129
22
70
395
398
1
772
1
70
769
26
5
719
555
6
1
7
385
2
33
100
53
309
899
796
292
835
223
202
412
979
1
17
4
10
1
496
269
927
382
719
16
28
493
82
4
622
137
456
66
192
1
729
221
480
106
768
604
140
341
13
208
35
69
6
37
446
398
1
109
12
203
1
137
549
129
317
28
535
544
151
672
385
12
40
403
79
2
139
51
30
71
7
940
184
286
62
21
156
94
358
516
145
4
399
647
386
2
2
39
2
420
246
645
865
877
205
67
6
38
663
91
117
12
139
1
49
168
41
35
136
107
206
27
219
584
90
121
1019
238
183
1016
480
387
1
154
845
7
2
867
554
105
460
1
103
697
1
562
79
760
88
31
87
8
94
404
895
149
737
24
414
473
631
734
46
24
989
83
591
9
16
456
746
22
34
794
444
1
28
18
461
429
4
670
253
2
244
73
147
961
364
318
155
285
21
975
221
2
167
990
6
1
553
44
30
783
831
7
358
949
269
46
1
12
406
922
15
799
133
5
107
978
164
182
14
726
845
69
7
306
213
754
670
1
538
53
8
541
2
818
275
337
52
188
805
922
1
307
22
71
220
12
12
769
71
5
2
413
7
4
641
197
6
43
226
864
36
27
560
394
637
200
6
775
3
29
39
516
784
9
26
219
770
449
2
722
87
60
19
635
8
183
39
937
996
933
109
1
530
492
16
3
373
47
75
267
4
688
647
516
361
95
41
9
44
672
967
428
317
334
2
4
74
114
25
27
6
4
3
909
160
18
341
8
52
820
50
7
423
14
487
12
7
102
626
5
3
613
391
7
596
265
622
7
3
144
6
57
9
58
2
108
466
548
512
3
8
5
594
985
708
215
377
3
2
46
1
780
636
490
60
692
96
55
567
3
256
46
72
934
767
914
488
807
911
1
12
129
644
70
356
3
44
179
130
505
26
377
532
234
14
183
1
255
452
5
123
6
827
1
1
880
2
7
1
687
511
194
138
929
42
37
340
343
234
926
23
910
1
469
209
759
319
844
1
930
7
167
409
908
4
8
376
1
255
277
273
2
185
48
3
39
684
223
27
632
138
109
18
82
920
27
11
290
6
307
8
779
1
11
8
804
526
436
18
419
823
264
126
1022
1
35
400
515
937
83
604
2
106
190
2
896
360
198
3
664
52
515
1
173
24
124
125
17
2
991
198
56
895
329
998
773
389
360
118
34
67
776
87
612
362
610
135
313
700
611
294
8
125
19
797
606
1
139
508
35
134
80
72
41
183
1
1
5
479
410
52
62
26
914
608
6
289
79
29
3
16
183
732
128
703
476
59
141
223
31
26
961
19
112
226
60
42
320
384
369
6
479
765
824
310
976
24
764
284
230
91
62
1
57
751
115
250
38
105
279
1
859
324
78
2
131
532
157
433
1019
103
66
260
382
8
34
112
880
356
504
24
249
808
410
315
449
5
2
678
906
927
800
107
202
125
1
380
457
47
5
21
890
3
735
1
767
42
171
106
996
924
134
172
270
2
58
188
237
123
11
129
31
308
816
33
366
48
194
273
461
862
12
125
14
1
280
865
132
1
118
723
120
261
32
2
30
688
640
715
23
77
10
963
542
654
359
17
724
80
9
702
6
529
159
341
32
7
639
39
9
1
42
268
623
853
536
14
240
11
315
287
1020
153
247
11
2
861
412
33
26
2
151
16
43
396
276
228
68
7
64
161
955
24
837
4
101
138
132
105
455
1
36
187
118
248
337
16
373
213
11
21
190
41
124
714
957
114
648
383
682
159
168
428
218
2
618
722
230
160
434
392
54
228
2
274
285
379
82
340
190
796
149
488
102
27
18
2
82
1
3
173
1
32
2
11
580
117
60
66
2
6
437
16
256
577
92
194
967
691
888
894
17
90
3
47
4
7
548
51
506
16
43
7
75
1000
982
169
912
2
1
25
573
53
974
5
152
317
159
163
4
321
23
18
278
979
443
676
140
2
3
76
177
740
405
209
384
4
25
916
502
209
586
134
45
563
432
1
3
602
142
23
61
1
637
395
454
144
18
439
67
698
958
703
684
582
230
163
441
367
89
148
194
1
308
907
328
893
533
157
1
19
896
685
177
5
290
803
7
2
542
20
2
85
268
790
335
45
288
5
938
909
237
8
849
150
89
211
5
785
2
3
4
848
54
729
672
86
907
583
3
40
8
10
7
186
807
91
320
1
1
2
3
753
306
177
27
898
359
145
31
2
253
805
317
182
347
96
67
29
60
261
4
362
231
335
359
977
12
9
427
8
238
51
20
457
11
102
178
586
308
29
6
8
368
1
151
82
468
1
636
4
108
41
46
626
261
263
656
170
557
70
108
79
88
257
60
101
698
780
563
620
303
1
1
368
377
268
394
378
656
93
15
577
739
271
431
1
152
58
124
12
915
925
1
429
796
678
399
361
211
315
52
911
2
1
320
342
1
549
942
558
731
555
972
217
607
449
5
601
13
35
924
963
55
761
508
508
15
147
64
936
681
11
802
821
275
248
40
845
638
202
535
158
948
851
518
2
126
129
316
453
338
113
32
99
88
305
1
3
606
5
6
917
944
5
227
451
97
14
268
9
616
417
645
140
1
45
182
140
27
341
140
73
319
358
789
3
150
739
611
17
518
415
395
463
184
392
3
386
9
300
4
87
272
517
474
9
653
882
247
47
31
4
112
452
177
191
223
74
415
671
40
96
218
962
2
6
489
6
21
25
77
9
473
209
452
37
829
525
85
88
135
224
74
828
782
5
744
193
152
877
357
5
13
99
330
3
739
65
234
163
218
688
794
13
379
50
63
14
45
50
684
83
346
59
776
1
296
40
753
967
99
61
709
2
699
587
16
93
138
308
98
478
21
3
19
3
3
82
280
1
1
589
11
910
20
335
504
659
85
29
169
1010
494
15
725
7
141
55
2
240
1003
922
23
90
42
104
52
17
476
431
117
22
252
380
193
366
4
1
453
5
5
587
119
4
1
1
136
107
1
723
422
648
1
576
542
472
33
570
572
4
29
542
69
205
650
7
78
7
607
677
1
353
25
319
782
191
505
158
70
15
59
159
214
113
115
2
83
62
104
51
345
658
9
2
86
800
677
14
31
1
33
77
970
20
437
67
649
832
264
51
266
627
49
74
34
942
147
774
5
212
362
85
21
16
780
9
287
1
625
526
66
163
940
31
37
351
1
1
462
9
741
644
142
735
259
900
8
14
230
56
347
270
261
49
607
1
2
84
15
12
2
118
898
598
143
21
32
819
7
1
950
43
747
80
958
6
123
169
6
316
100
254
266
52
435
150
863
381
632
139
898
714
3
811
7
38
622
1
354
60
2
184
769
68
298
20
80
1
33
10
280
11
438
146
381
539
227
207
13
153
263
1
696
162
20
74
620
823
81
72
12
473
1009
14
2
97
458
93
638
37
5
10
167
843
301
2
4
59
47
720
693
10
682
388
958
527
352
150
5
340
465
233
9
148
712
24
321
809
1
513
326
34
833
142
1
796
11
806
237
53
9
417
710
274
644
1
2
236
986
143
262
61
54
18
558
4
423
475
145
4
539
113
1
717
25
63
364
1003
398
464
2
351
43
141
6
33
51
9
490
572
5
44
26
155
217
747
159
851
334
1
21
28
884
729
3
2
16
38
7
1
871
861
25
33
668
436
223
464
11
926
59
3
238
403
22
35
734
215
380
299
147
12
389
18
832
292
76
20
138
7
177
3
129
37
4
5
104
24
22
122
410
9
313
3
75
474
225
485
121
907
16
95
236
629
753
74
299
311
309
385
880
161
575
21
4
668
115
13
724
1
1
48
22
117
115
502
67
630
410
6
345
2
766
751
1
42
20
6
8
792
121
111
871
388
192
24
638
783
426
3
8
12
43
10
78
1013
73
1
1
379
114
88
44
438
35
405
24
245
7
287
10
30
93
9
493
1
42
4
192
264
78
256
72
122
107
598
899
201
1
23
859
104
106
21
314
5
327
878
220
253
371
15
430
27
61
897
857
465
78
5
1
799
1
889
956
322
86
21
568
360
461
713
847
92
761
260
418
283
117
457
2
543
267
222
567
140
1001
938
119
3
231
168
5
90
72
98
94
119
307
1010
699
491
442
17
218
138
8
4
299
68
21
2
7
3
5
1
1
326
496
24
89
4
207
545
651
32
80
9
27
138
6
17
3
2
20
44
79
91
5
790
88
603
14
395
113
165
78
81
277
48
18
306
271
15
14
478
1
36
87
999
163
855
1
952
592
223
563
63
328
322
140
852
10
242
315
56
6
538
26
865
1
1
1
4
1
1
364
66
779
566
306
894
815
4
594
4
617
1
4
105
762
83
9
39
641
127
352
89
23
7
490
693
62
2
66
35
111
12
124
610
502
16
45
485
355
8
107
117
35
458
3
117
427
236
1
46
109
407
916
316
19
131
1
43
330
676
950
258
401
516
879
21
4
425
370
10
12
433
568
148
37
809
128
986
149
2
2
499
562
9
4
135
41
847
265
13
199
525
825
102
479
473
91
615
1
25
19
22
678
6
3
531
7
944
809
3
61
484
29
1
949
811
163
932
199
167
542
14
323
56
32
8
537
2
180
91
196
606
20
366
257
148
929
102
58
48
194
261
215
1015
188
979
776
252
805
249
3
556
572
272
2
1
18
39
923
36
10
525
17
759
55
694
734
120
577
194
228
986
115
29
55
9
928
1
720
954
256
9
274
318
2
633
27
3
130
4
188
3
3
5
954
744
26
41
548
3
787
25
36
18
294
69
95
1
967
9
151
1
353
3
1013
882
161
4
114
664
603
1
119
5
617
34
843
375
194
30
41
92
658
9
400
5
679
481
729
46
218
92
166
45
114
1
2
8
11
871
199
189
613
140
499
489
14
257
348
23
755
9
47
664
15
56
286
63
252
337
521
190
354
969
501
2
53
6
529
810
390
42
248
42
26
48
54
388
88
668
824
1
989
139
965
954
490
4
22
864
482
1024
313
3
303
1
286
3
1
530
119
390
336
961
162
925
783
326
4
482
288
342
223
359
4
947
848
844
2
505
683
658
389
394
277
253
11
676
3
179
4
230
12
5
268
136
387
3
9
14
998
212
1
16
665
380
65
1001
130
928
979
126
899
520
280
386
22
378
2
377
51
5
102
28
57
567
7
96
2
108
668
589
559
11
263
566
290
367
33
331
322
429
584
901
438
87
3
449
3
43
693
10
10
26
1
836
52
949
94
374
669
3
914
896
429
10
634
9
860
1
633
842
3
1
6
363
314
559
436
316
83
8
250
218
110
6
796
533
5
665
396
447
272
735
266
2
788
262
3
3
10
602
410
15
10
12
22
10
191
887
1
279
20
201
176
429
475
20
466
215
229
25
747
516
85
973
68
161
43
66
207
1
3
440
290
642
395
9
1
16
6
734
70
400
471
12
78
2
220
623
120
326
357
5
116
368
15
167
483
683
13
957
158
549
906
320
11
27
362
5
2
22
2
13
326
5
994
176
543
63
824
4
140
2
43
578
179
902
337
767
148
498
19
70
389
910
3
204
16
301
192
3
231
325
6
89
7
200
3
465
11
229
1018
58
14
5
148
4
761
203
508
43
16
931
57
137
12
382
40
5
3
406
4
46
5
177
494
21
3
121
1
795
93
1010
379
117
36
438
171
786
585
3
13
66
38
9
46
127
204
13
464
150
108
7
823
3
1
114
588
42
908
178
8
2
101
388
1018
82
562
978
94
135
375
40
151
314
6
6
249
371
447
572
4
816
545
437
82
276
199
18
429
67
357
200
159
149
385
371
90
33
46
558
45
561
36
28
329
167
9
32
5
373
3
986
18
147
138
27
1
821
314
988
328
52
497
152
137
1
63
6
994
591
928
22
933
5
17
11
121
1
10
757
794
3
88
1
1
785
59
110
1
51
981
1008
416
662
4
18
124
192
410
31
811
6
875
390
993
17
819
552
950
67
771
138
934
122
300
30
473
157
922
835
13
812
54
465
59
583
52
676
119
595
81
259
37
429
29
27
168
112
27
854
294
31
10
347
378
783
98
14
9
157
2
467
4
22
80
768
3
242
965
403
24
18
259
445
6
3
488
237
113
130
6
351
414
475
704
395
10
2
1
109
488
413
315
122
387
2
251
782
4
858
175
263
1
85
60
992
174
644
47
392
61
5
306
952
321
271
140
90
2
501
176
36
548
413
915
38
767
344
670
3
86
847
53
411
5
542
3
9
86
46
225
11
34
1
209
293
516
1
788
1
13
20
37
7
461
164
7
888
74
110
1
86
804
8
511
298
4
334
313
81
2
143
506
100
781
59
1
130
154
15
1
506
142
416
4
122
234
425
3
445
1
115
42
52
642
258
10
5
649
898
845
1
273
108
452
219
178
435
128
197
1009
683
50
823
8
11
139
577
612
77
290
721
12
228
220
257
610
337
859
102
1
910
483
2
530
98
49
33
1
862
570
2
22
386
1
662
1
961
27
107
6
34
29
18
44
923
52
427
176
3
9
1
76
151
247
2
55
150
130
55
3
203
2
11
305
98
69
628
3
3
433
87
976
824
89
979
5
8
19
11
63
66
195
221
4
518
48
2
629
243
853
172
591
810
123
1002
945
335
584
7
600
74
204
2
591
138
33
1
7
254
592
77
658
685
3
706
81
1
251
505
41
84
56
968
290
93
99
26
2
28
39
297
203
763
26
164
88
80
20
765
8
5
1
2
18
354
488
221
259
36
607
967
791
949
142
2
507
411
6
932
71
4
72
144
28
725
378
549
991
54
781
1
33
746
164
71
292
882
138
178
25
109
398
364
890
458
671
452
28
877
220
9
528
59
4
750
136
3
180
3
45
216
510
2
1
23
314
1
525
2
165
10
932
69
655
1
482
65
86
2
159
199
246
76
9
1
91
2
102
161
90
34
1000
297
15
37
39
478
292
883
15
839
96
78
234
398
130
552
479
2
49
368
2
911
104
700
2
8
157
404
122
24
1
141
1011
25
10
405
5
51
166
434
104
26
84
151
236
745
167
64
164
132
1
93
919
144
422
3
98
680
533
162
2
191
743
25
108
16
23
3
431
83
411
31
128
977
401
179
286
957
990
905
11
661
5
1
10
1
485
796
61
9
631
81
10
678
423
611
130
3
2
144
49
703
404
194
19
977
5
5
2
1
99
1
63
17
7
164
63
11
737
371
622
4
241
881
253
294
5
842
396
140
13
263
397
97
510
2
175
34
23
41
941
122
515
318
877
22
518
350
31
5
167
847
518
595
61
4
1
5
20
2
420
9
787
262
993
380
971
318
53
13
1
436
33
720
1
881
667
69
70
2
200
7
412
4
344
43
117
104
8
12
2
163
6
31
164
36
17
3
19
23
22
253
291
928
1
35
42
4
59
218
354
90
122
2
854
70
126
2
188
5
274
184
333
14
51
21
325
46
838
794
493
13
25
1
113
162
355
677
50
178
5
3
157
997
25
564
385
128
23
47
403
108
958
200
885
12
70
425
220
199
17
66
113
27
53
1
96
901
145
23
453
6
4
214
55
98
4
211
559
497
2
5
876
489
477
469
16
22
43
839
5
4
1
2
571
1
930
82
10
168
363
88
5
193
333
252
50
589
569
322
757
11
699
474
469
21
3
20
125
663
1
185
158
312
59
223
383
862
839
114
590
75
808
530
4
12
1013
95
288
105
6
197
18
1
264
354
3
7
813
284
538
10
11
76
403
2
45
6
1
7
778
26
58
122
77
852
392
43
1
91
186
2
189
698
145
267
35
4
174
66
750
999
547
459
535
9
339
12
4
12
16
352
162
103
507
106
81
333
842
234
246
380
6
9
196
786
513
1021
859
470
23
951
418
87
958
392
143
905
258
843
685
317
52
308
699
12
272
77
479
8
25
28
53
455
68
1
6
9
171
188
122
5
26
829
846
19
86
944
1
188
962
29
7
1
833
129
1
3
29
547
65
212
280
1
933
226
357
967
64
208
266
56
2
133
488
950
762
74
208
882
295
1
16
68
249
864
1
15
21
13
123
189
945
1
108
15
153
513
154
127
479
914
886
34
841
128
526
298
3
13
850
626
457
24
5
662
1
207
68
1
302
7
301
27
179
109
158
358
1
466
986
85
24
760
569
795
44
20
65
288
66
778
15
474
11
45
56
1009
2
810
2
254
191
166
618
33
262
66
532
17
872
482
439
29
77
230
862
171
233
450
3
202
992
43
432
16
53
894
19
33
292
1
19
553
346
742
257
840
379
241
314
232
540
1
693
5
20
670
6
1021
9
262
41
578
331
621
171
18
12
723
1
593
4
748
516
352
358
100
500
737
124
8
591
280
133
5
628
36
165
620
17
858
12
129
131
97
29
127
56
49
761
83
16
2
60
70
444
141
58
2
433
29
327
1
127
52
289
33
36
772
1
47
295
1
8
652
366
436
42
161
153
765
263
830
12
328
37
1
983
161
698
22
843
85
24
272
120
3
460
3
715
1
71
2
294
35
265
120
56
89
9
823
919
9
97
3
223
13
127
28
134
766
2
72
31
697
129
8
3
79
227
6
1020
12
6
143
68
695
599
159
21
769
92
1017
1
229
976
84
322
268
21
11
996
20
23
998
490
402
19
65
94
7
140
1
161
71
60
423
1
618
21
840
463
736
189
7
128
849
5
8
171
265
1
55
33
477
592
190
92
132
18
384
10
130
10
271
1
203
6
2
373
797
94
205
5
3
451
104
438
976
3
802
627
6
760
5
175
25
681
6
236
411
348
582
461
791
381
101
308
1010
7
502
126
57
49
14
1017
573
200
111
427
693
31
326
141
102
1
1015
864
256
172
13
368
996
52
52
58
71
8
587
88
401
919
777
17
15
3
904
1
715
361
32
437
444
722
62
10
35
326
288
808
313
220
538
594
17
499
13
39
2
821
330
236
14
537
3
1
115
8
71
70
8
250
15
746
771
139
404
23
13
762
148
6
9
25
528
2
42
9
950
1
428
379
361
94
54
2
743
12
310
810
948
229
13
262
2
340
267
26
17
12
78
856
443
124
10
686
885
2
396
27
615
959
396
16
1
213
87
163
412
501
523
932
532
352
617
3
3
195
28
13
12
44
540
647
1
807
4
478
38
19
521
505
427
1
137
16
5
5
1
673
842
484
9
766
122
965
651
81
566
256
907
633
1
2
1
929
2
745
1
274
5
2
62
67
765
387
22
2
144
634
10
472
29
41
9
3
567
408
70
608
142
103
195
29
71
35
7
42
34
390
5
2
5
93
482
1
84
7
35
45
817
5
545
10
130
18
295
954
826
526
1
349
154
222
128
1023
528
45
492
471
8
679
2
152
9
1
796
46
681
588
746
7
4
263
583
7
20
230
10
43
15
45
169
411
68
573
26
472
976
39
234
837
847
5
598
509
850
213
24
1
10
7
11
214
665
63
51
2
188
112
124
292
557
2
249
86
822
207
14
105
8
662
865
574
2
37
524
158
365
312
103
1
368
694
1020
584
264
4
504
633
125
482
14
622
283
321
31
234
812
49
2
63
752
3
318
751
197
12
3
1
3
53
412
330
1
223
34
2
2
169
3
2
5
855
620
27
43
482
2
45
292
1
7
46
18
195
88
664
29
613
3
513
151
29
263
8
282
310
512
879
61
6
20
3
580
399
1
229
798
3
476
35
1
1
1
1
634
115
826
1
22
11
305
964
552
277
52
12
84
942
972
49
859
15
837
43
174
367
36
49
15
627
127
565
608
252
2
423
935
276
361
538
2
914
4
72
411
197
346
543
358
883
93
649
628
470
5
36
67
14
306
91
671
10
261
929
7
67
16
2
461
764
712
244
740
26
174
640
731
89
47
63
2
542
936
164
558
364
799
388
41
2
1004
806
410
662
769
17
461
103
1
5
953
43
389
125
367
25
789
1
817
89
107
481
69
597
5
466
72
556
4
28
375
524
805
411
499
13
248
51
175
1004
244
40
4
1
103
427
60
6
613
287
10
15
6
774
664
28
64
9
2
925
87
646
643
104
25
396
77
755
7
8
895
7
24
42
222
848
249
63
556
407
43
327
138
178
288
6
12
12
78
384
110
153
294
39
423
2
67
947
10
86
54
612
940
102
777
25
884
18
2
5
16
8
516
208
576
329
1
12
34
466
50
663
1
726
725
533
119
10
940
430
15
482
357
661
3
382
175
15
4
169
8
9
960
688
495
66
764
349
873
112
52
603
769
388
88
5
1
1004
41
211
1
124
139
276
661
508
39
783
315
243
245
464
41
719
254
410
256
91
418
6
623
509
68
289
196
10
187
188
194
778
7
255
19
4
151
124
24
16
260
991
25
732
53
7
1
340
458
462
43
152
156
1
53
8
47
686
999
280
730
334
90
14
1
103
47
653
127
2
9
250
9
5
718
4
4
28
589
298
460
8
851
479
21
37
720
185
1
652
4
364
135
53
678
406
636
10
164
907
298
352
436
265
195
791
946
646
32
206
11
13
430
216
3
29
657
2
53
943
289
298
421
376
536
18
142
641
166
142
412
164
11
150
47
134
657
461
470
316
106
76
33
3
119
717
1002
10
82
587
79
184
917
984
667
69
128
948
11
226
168
57
8
547
255
8
167
792
24
721
126
938
1
2
746
172
510
650
200
241
261
12
755
7
5
3
852
180
850
402
9
87
1
626
726
273
84
568
154
78
282
13
432
1
283
63
368
12
6
90
731
594
227
7
65
341
17
413
286
474
2
770
134
158
16
77
3
1
935
915
4
1
954
1
43
499
367
625
48
8
6
729
233
211
373
393
508
591
540
802
3
384
212
2
531
414
7
6
144
43
750
106
1
390
523
109
844
865
20
78
741
4
4
97
27
285
771
827
474
106
569
85
28
414
919
1
1
10
30
14
327
161
896
335
229
27
6
379
95
195
374
1
81
92
418
6
666
439
565
5
527
250
495
59
681
30
19
104
88
551
5
256
378
489
154
41
488
17
8
399
5
102
761
363
10
757
4
161
34
165
302
163
885
41
433
137
42
66
240
717
66
53
50
1008
5
975
650
19
441
45
52
6
91
345
4
611
455
11
85
178
719
199
276
5
55
5
50
50
363
169
883
15
321
93
915
13
906
5
188
198
924
109
36
821
44
746
485
1
187
1
8
390
343
73
9
2
1
11
618
386
333
5
574
127
145
259
17
502
24
599
120
958
879
276
790
342
194
300
102
391
15
276
16
6
36
98
396
4
12
18
802
665
22
1
47
5
38
125
127
318
1
8
445
535
840
152
96
1
6
125
84
198
776
3
574
195
2
84
268
23
23
66
220
124
364
38
821
696
95
42
226
122
841
479
3
70
12
293
209
518
183
46
78
74
374
474
6
6
10
60
510
587
407
1
681
823
23
440
153
22
326
993
532
665
134
918
132
147
2
633
758
601
20
54
17
414
23
6
970
2
73
13
736
7
45
102
2
4
692
4
76
491
293
11
27
931
193
7
1
49
152
60
66
458
245
13
140
991
422
29
392
82
756
13
16
522
18
3
29
5
3
516
308
151
90
692
3
338
739
2
46
151
592
180
99
897
843
258
825
24
2
1
10
139
177
697
763
1
231
33
62
68
102
865
9
9
89
566
71
155
1
4
239
4
899
763
98
223
402
2
134
50
162
75
310
988
116
400
472
471
356
19
1
46
7
882
3
66
195
74
25
532
868
454
10
22
766
1
4
486
297
60
108
1
114
350
19
54
135
46
169
555
649
507
153
6
124
26
552
732
26
678
949
11
751
593
363
53
207
883
2
1
353
8
5
918
572
3
3
976
260
2
577
968
1
61
155
12
16
120
207
457
27
1
54
917
1
49
505
258
129
85
205
135
55
10
293
64
43
449
756
12
978
11
718
49
2
8
780
718
468
256
313
101
43
1
186
101
162
395
368
689
510
6
242
187
4
491
64
56
733
17
164
32
963
293
629
310
371
214
197
451
7
5
55
29
1
1
55
769
2
518
1008
2
5
100
591
62
609
1
52
80
2
46
66
21
184
432
251
808
4
25
43
509
57
25
5
994
65
711
11
44
652
68
4
3
297
375
425
164
893
942
74
2
38
907
15
4
9
676
661
3
59
991
983
163
724
76
1
73
533
301
48
9
48
149
1
875
223
767
634
64
75
6
443
472
27
7
54
20
41
158
384
973
4
783
294
14
419
688
94
279
173
585
942
62
235
560
315
2
82
228
880
690
77
328
239
527
2
8
385
7
162
2
3
250
29
644
605
14
796
8
470
139
2
2
38
623
1
26
158
8
1
481
92
33
2
419
284
6
2
3
129
221
622
6
219
103
1
176
543
468
18
586
695
585
541
225
832
15
59
253
812
235
21
857
17
642
1022
2
15
185
746
1
675
159
205
1
8
35
335
15
11
91
912
126
14
169
250
2
35
123
346
18
636
879
33
1
50
31
154
81
42
247
99
934
419
39
12
443
442
4
13
93
3
232
341
2
148
3
2
1009
1
492
4
310
289
22
11
106
137
551
3
14
1
70
6
91
217
480
150
225
192
55
96
5
35
428
302
299
1001
2
721
287
247
416
938
747
315
40
123
884
160
105
577
361
136
2
1
242
86
338
2
744
926
132
9
29
10
336
5
97
441
26
163
672
38
5
25
972
1
7
293
36
216
474
478
62
75
504
353
43
781
853
653
652
112
6
6
21
20
479
1002
149
40
3
133
55
8
204
9
832
23
205
144
281
16
2
112
918
3
9
275
1
180
842
12
17
659
115
1
305
140
22
7
4
659
266
65
460
21
61
744
48
108
82
279
292
31
30
13
89
982
8
37
659
25
195
46
1
378
432
5
867
437
164
24
43
4
46
592
192
1
169
75
22
97
535
48
11
49
307
856
123
486
503
158
224
196
9
753
378
2
808
609
545
31
802
852
1
154
654
40
830
720
515
61
831
699
430
4
245
368
5
143
323
394
243
798
6
659
97
403
469
656
11
19
4
367
2
958
112
271
694
12
59
233
144
433
72
961
1
377
615
125
653
104
20
34
404
11
197
853
204
20
51
61
3
126
1
1
844
15
496
6
487
605
16
69
22
304
136
7
173
365
714
341
15
74
1
378
334
1
549
22
38
253
135
138
820
738
7
2
739
7
743
138
74
23
31
1024
713
3
21
320
3
4
2
310
203
57
573
1
9
557
1003
374
376
288
3
245
961
965
3
22
15
506
409
95
353
11
63
260
766
320
653
590
926
111
12
951
408
100
25
438
677
976
127
972
567
484
5
562
36
24
334
225
506
778
41
250
137
447
184
19
2
255
382
234
613
270
900
425
2
491
88
70
513
111
913
2
18
635
86
8
449
119
1
623
254
111
76
110
93
1
1024
866
208
824
690
1
41
772
864
567
87
143
74
860
52
418
2
873
14
4
11
974
55
477
288
607
170
1018
19
80
154
2
834
24
36
209
96
1
466
954
44
330
1
19
404
81
205
945
250
99
205
203
268
56
862
585
780
1
333
2
1
1000
591
409
496
1007
1
2
189
16
4
250
314
805
854
32
115
85
5
19
396
2
166
136
73
69
41
113
12
47
87
1
617
35
12
238
359
503
345
504
832
50
108
19
572
233
718
46
483
652
128
34
4
94
1
158
329
8
59
208
203
173
8
21
866
782
1010
36
5
206
163
440
225
121
306
7
121
606
17
7
1
69
231
743
2
319
3
11
715
256
27
556
622
954
207
15
14
920
25
11
926
339
598
266
41
217
292
971
947
8
1
777
103
436
417
536
133
185
44
673
385
13
189
473
3
2
32
94
103
858
3
479
781
137
424
376
67
306
18
797
1
175
886
74
7
157
716
654
77
4
129
1
161
122
16
570
11
22
51
86
64
348
655
985
971
45
392
921
114
156
643
85
4
533
23
15
84
856
13
78
28
7
8
56
770
147
546
103
86
1
553
964
171
920
123
169
559
113
95
1
2
206
52
142
5
15
237
29
738
135
32
703
3
35
7
955
328
225
757
655
352
28
613
134
2
39
948
1
426
156
2
898
584
97
1
1
1
907
947
149
158
1
108
1
235
2
20
236
104
7
184
127
6
910
2
407
72
583
399
6
58
12
795
92
280
239
300
63
39
173
1
16
590
2
19
163
37
351
16
533
2
62
13
86
2
999
15
524
50
147
27
382
517
3
75
534
205
3
785
90
385
231
182
212
27
145
51
921
24
80
2
136
15
280
1003
68
25
112
16
791
185
216
19
623
139
29
4
116
7
2
21
1
152
131
281
277
881
6
149
775
124
285
54
4
101
862
933
5
231
25
399
5
4
717
519
1
102
94
750
14
139
977
19
67
1
8
7
2
35
901
810
75
233
105
592
108
27
379
14
34
498
876
356
726
44
65
1
122
4
503
9
171
190
420
11
229
339
21
8
473
684
993
7
948
17
4
930
8
229
37
584
926
597
403
77
87
682
511
1
3
156
1
270
3
7
731
176
459
283
979
5
1
6
3
544
23
529
620
98
1005
355
201
705
11
43
72
1
6
8
556
126
303
872
7
87
854
1
493
18
19
409
6
20
141
107
98
155
1010
778
757
182
695
170
507
890
225
61
320
109
1
710
65
123
287
1
1005
525
933
2
141
129
987
216
343
357
921
4
796
239
1010
304
557
31
277
506
151
759
246
914
176
1
115
414
51
984
11
708
674
587
72
184
10
10
489
550
166
9
115
30
3
566
404
771
956
470
2
84
478
898
166
590
619
74
31
277
533
3
17
6
311
42
20
44
7
27
67
708
1
123
209
54
911
409
4
4
14
168
6
150
15
114
190
137
16
17
73
963
62
647
52
248
388
838
87
1
99
637
1
28
702
6
12
369
155
77
609
1
453
12
1
138
60
114
3
49
3
153
27
231
781
111
21
93
15
521
174
75
629
2
783
12
242
134
538
725
9
883
140
869
6
458
527
10
748
1020
105
361
621
346
54
642
2
887
573
202
800
1
468
991
14
73
128
72
3
48
1003
607
11
620
996
233
554
16
746
23
15
584
48
446
1
6
106
15
72
12
236
557
445
4
412
92
10
15
893
500
125
2
11
408
374
737
2
24
1
293
486
103
185
902
151
454
115
685
9
699
121
569
208
8
47
933
2
401
53
75
2
269
8
7
220
16
121
643
91
22
2
10
2
922
889
22
39
172
4
10
231
34
347
47
318
208
57
242
14
378
191
393
1
209
594
251
201
129
591
45
592
5
534
819
10
53
81
3
34
583
13
445
313
798
13
864
923
324
1
16
2
63
706
242
748
545
31
971
28
32
1
11
11
556
777
4
3
324
454
2
10
9
497
19
113
1006
107
389
302
79
27
110
227
245
146
323
170
309
524
963
3
127
188
248
5
17
667
38
195
230
656
38
1
756
8
373
9
840
285
278
210
370
7
2
28
614
375
874
634
1
3
12
709
190
33
54
32
779
195
9
760
655
44
190
152
9
697
431
149
123
2
445
435
250
82
27
85
845
466
186
137
14
3
670
110
691
599
19
2
131
387
2
70
3
875
110
242
588
757
4
410
758
203
10
140
172
691
191
19
5
159
80
205
972
60
149
7
169
237
53
51
217
102
678
972
268
911
512
488
18
4
225
7
2
87
66
278
949
206
102
8
1
18
640
419
9
23
608
75
507
429
769
112
661
680
5
19
522
7
1
117
790
1
4
470
3
4
4
628
160
592
63
966
228
668
292
1006
97
613
486
135
380
102
241
379
311
725
3
79
241
81
7
7
128
38
316
95
2
394
164
1
177
343
2
730
1
9
132
273
14
253
27
174
62
411
5
743
318
305
723
137
5
126
484
605
348
690
706
623
530
385
644
327
65
287
857
13
33
640
513
660
67
181
632
76
8
739
1
697
17
1
792
339
479
203
924
15
1
910
196
110
59
980
2
41
19
688
49
135
169
733
336
894
21
972
39
91
562
51
3
8
1
343
1
831
10
814
409
2
412
51
6
31
8
78
36
804
244
248
371
302
20
315
2
98
59
515
3
836
5
733
93
164
167
26
574
36
375
2
603
18
37
214
789
112
27
412
920
315
545
861
732
2
1008
1
978
800
9
913
895
33
634
14
732
882
14
1
8
997
354
100
62
52
9
253
344
27
518
60
2
703
2
370
555
516
33
628
726
3
369
674
75
59
59
24
39
20
1
106
314
11
5
82
145
935
233
469
9
1
705
1
246
729
28
22
446
820
508
108
20
672
870
344
594
276
1
24
790
56
677
1
34
178
4
971
130
329
654
86
29
468
632
945
174
266
649
114
180
1
176
1
252
36
458
150
3
215
454
23
23
248
521
325
914
19
6
3
7
577
2
86
349
91
2
265
404
210
386
415
185
69
1
285
50
295
126
740
8
33
212
122
201
423
277
1
101
163
983
303
568
829
905
473
48
25
274
55
452
22
541
881
76
210
1
407
97
82
14
129
222
23
11
77
70
24
21
2
200
7
132
32
17
12
745
373
110
1
23
292
739
520
167
291
86
5
185
702
672
380
385
92
278
47
1
490
293
12
261
3
70
671
24
443
643
687
512
647
59
1024
635
78
160
35
42
985
41
17
378
377
1
70
39
632
80
124
98
445
23
2
1
91
256
1
190
32
709
171
937
30
92
164
646
964
758
114
12
21
155
298
693
5
274
68
99
56
406
354
194
400
306
37
488
945
147
145
22
113
7
7
235
114
998
513
227
25
1
9
42
23
68
211
11
94
278
261
3
21
974
74
220
291
118
438
1
2
429
141
3
1
630
771
691
493
291
43
8
682
614
678
169
12
59
371
273
6
87
27
150
315
938
30
697
223
28
1
1
1
620
953
29
429
1
12
756
5
421
433
375
5
11
288
171
12
11
695
414
139
131
624
13
149
36
974
13
364
4
878
35
879
1
882
43
30
118
53
2
1
10
3
43
4
57
324
669
412
693
1
1
2
59
442
350
7
274
223
1
548
679
900
106
514
881
133
608
3
414
4
1
1
47
10
363
30
323
646
448
694
11
16
531
66
661
87
211
1001
29
15
194
14
43
49
801
186
188
767
521
967
43
809
2
83
31
162
145
12
807
718
135
117
317
139
347
689
15
831
369
138
19
863
1
432
119
5
5
2
177
131
78
899
2
72
565
65
56
1
978
6
1
30
67
729
457
601
964
2
7
374
178
249
45
41
90
52
660
773
73
145
944
490
967
1
404
448
379
381
30
15
915
305
27
587
530
3
845
842
897
235
539
139
3
144
38
12
263
2
87
493
35
1
88
409
643
228
232
23
399
568
771
668
37
448
22
150
269
104
988
736
567
658
393
698
1
936
32
3
355
8
95
98
381
359
37
8
388
64
575
20
847
3
323
9
920
158
65
939
1003
961
2
196
217
581
1
340
239
20
842
21
6
6
352
22
350
490
574
796
36
120
636
128
3
603
964
948
117
24
969
839
17
20
181
724
85
2
300
11
254
236
878
3
313
756
2
307
16
280
735
19
63
2
8
583
8
504
240
111
635
364
736
59
772
524
355
3
131
720
17
930
156
30
109
12
379
759
532
262
182
494
8
16
92
173
233
252
11
43
85
38
455
13
288
62
742
312
4
226
83
655
415
736
50
148
200
484
866
510
325
42
943
23
8
1
422
56
839
93
105
562
131
282
6
630
41
37
4
901
289
41
982
461
257
845
243
34
797
11
5
887
282
3
500
214
31
543
56
673
14
201
297
8
343
16
243
4
294
92
1022
750
276
593
3
857
