8192
63
745
889
889
861
388
603
861
954
464
179
131
603
189
556
598
351
388
861
666
889
889
388
345
388
911
22
942
463
889
345
603
483
921
388
345
563
189
920
196
432
563
574
29
4
252
889
388
861
889
394
389
388
388
849
108
165
189
254
889
207
383
936
460
889
631
388
165
43
998
189
89
189
654
741
447
252
950
388
603
459
935
886
632
388
464
165
340
469
114
861
15
388
603
388
563
989
388
858
583
655
603
388
388
345
573
685
463
189
189
388
889
388
616
91
603
603
134
919
105
46
675
690
509
315
388
388
970
458
939
28
388
361
255
998
207
758
923
191
889
345
388
889
33
889
904
283
267
388
252
510
388
600
388
582
861
114
603
544
835
463
844
146
281
889
170
854
693
104
208
388
213
196
889
388
373
323
388
923
388
15
861
463
889
243
563
672
208
447
861
870
189
345
189
388
522
388
191
889
388
603
929
388
345
1016
61
208
889
470
789
388
388
75
388
388
998
388
633
816
832
663
492
788
603
889
252
86
174
187
234
234
388
598
278
889
388
388
861
797
786
463
549
345
685
153
939
463
7
345
267
267
889
388
165
280
555
624
881
66
725
286
388
685
836
388
252
889
603
497
666
291
925
867
983
190
875
795
234
617
463
633
388
388
125
889
345
463
696
340
928
721
789
153
1009
889
640
685
463
189
958
267
350
225
22
15
433
879
777
388
189
388
861
861
189
889
189
388
606
388
555
136
806
138
333
682
897
633
861
883
405
388
463
653
1
463
174
653
388
861
77
889
219
338
889
820
388
896
971
388
339
22
919
904
18
345
889
963
388
764
521
556
388
557
388
861
514
26
598
86
764
808
889
693
889
61
388
685
74
708
398
540
247
712
780
605
165
861
261
447
388
81
889
388
559
796
67
189
812
469
1003
641
598
547
633
603
471
463
833
388
897
388
861
909
388
551
641
401
930
189
766
901
388
889
267
345
43
633
388
814
345
10
239
241
904
48
574
750
431
633
991
889
370
714
923
779
861
752
234
870
993
929
189
685
145
633
388
463
501
861
27
388
181
1016
855
657
463
559
27
345
861
197
777
111
861
388
447
388
889
345
388
983
858
564
388
920
46
972
752
388
114
24
889
388
845
470
162
912
548
895
20
464
598
345
718
854
356
733
345
870
497
283
603
889
861
922
201
153
1003
500
529
745
252
889
495
388
889
600
842
388
603
165
603
892
388
388
562
359
889
923
388
388
388
388
388
608
889
189
386
333
270
981
654
303
695
234
807
124
189
1007
575
657
972
1002
345
889
306
366
764
189
866
763
998
18
745
463
333
666
102
33
686
394
135
590
445
883
22
388
16
645
609
953
998
386
388
495
573
388
1004
432
975
998
684
666
820
603
142
541
889
42
745
510
199
651
889
463
966
89
510
736
842
603
704
350
463
583
388
790
426
534
889
388
447
598
388
368
388
889
889
603
633
889
741
189
889
333
339
234
267
388
257
546
598
225
861
901
575
429
111
744
343
603
861
388
889
432
889
861
777
131
603
388
822
598
444
894
15
716
889
388
773
425
889
345
733
500
283
877
726
929
985
564
388
15
350
388
775
918
289
31
655
861
861
463
388
889
799
929
603
234
992
234
959
165
234
91
463
165
978
388
322
954
745
261
834
633
1018
672
136
388
142
388
267
745
889
145
388
15
973
237
189
574
643
388
89
738
411
666
430
1019
669
388
261
388
889
563
234
388
807
67
388
723
388
228
267
861
225
234
345
972
431
889
513
566
782
959
388
642
189
612
139
105
969
40
890
101
603
904
812
889
603
186
598
388
388
921
778
32
603
657
889
850
998
189
252
889
976
463
77
617
189
674
388
947
1015
889
1009
837
162
852
234
745
1004
603
688
603
327
972
61
633
8
598
962
603
440
91
267
807
281
633
889
566
923
633
491
889
598
463
345
757
861
680
589
889
821
1014
719
380
951
759
685
651
889
18
889
234
252
514
1005
997
63
672
332
889
492
635
991
603
189
322
705
388
603
745
388
603
889
225
633
460
89
925
234
555
388
46
420
65
406
351
352
270
31
184
861
388
322
224
195
463
812
833
340
417
388
16
751
447
252
818
633
388
388
429
569
269
525
603
333
1020
598
256
383
889
598
463
998
112
1009
861
643
345
645
447
515
345
518
861
463
388
388
929
105
603
463
388
898
267
999
700
491
464
464
450
388
843
917
666
388
189
832
340
333
350
388
71
243
899
136
203
388
685
566
500
861
432
388
429
333
320
883
731
861
4
901
950
603
388
861
388
695
861
857
814
626
388
214
617
463
432
598
388
463
970
464
635
160
344
99
368
345
990
550
165
889
882
561
23
845
413
52
578
401
98
654
413
606
561
561
413
845
401
39
775
907
291
536
453
101
561
561
368
561
31
662
267
413
845
561
413
903
714
904
561
346
825
134
664
600
561
211
359
775
298
430
979
291
561
775
594
789
762
927
296
775
654
768
947
153
291
561
431
524
853
668
976
283
440
338
845
967
402
981
885
181
413
775
654
978
401
291
669
561
443
668
341
775
447
82
561
773
754
827
973
923
265
413
4
400
271
729
413
207
786
561
741
129
147
97
1015
479
99
133
101
770
977
568
561
347
652
524
561
873
607
813
835
561
214
664
775
413
561
312
347
413
563
413
851
500
312
614
561
221
591
237
186
347
561
413
413
472
413
664
347
6
798
89
164
786
164
768
561
427
85
450
312
691
49
561
133
129
2
413
717
600
133
544
561
561
626
347
561
721
413
768
948
734
775
668
600
684
561
631
107
906
820
813
561
490
312
198
513
662
175
95
129
144
312
561
292
547
343
922
768
413
908
903
950
50
713
957
85
600
216
906
413
560
561
517
772
1011
561
863
413
936
223
413
413
865
347
312
191
438
152
954
950
845
561
129
561
561
938
707
973
786
133
561
561
306
829
413
300
561
485
657
643
681
561
291
413
779
749
977
28
413
840
864
329
727
853
312
250
561
585
310
561
413
366
207
732
432
192
959
699
498
413
47
952
775
775
561
427
561
786
899
291
691
453
221
329
207
775
176
453
561
312
384
418
413
413
490
413
906
501
312
561
226
561
43
1022
844
260
903
786
291
487
258
490
344
511
967
597
561
654
291
775
275
733
306
572
930
413
554
964
63
153
595
780
907
936
43
813
1007
906
61
807
970
413
577
766
323
773
486
951
786
894
413
360
555
129
598
772
775
973
133
775
561
312
207
291
312
561
413
769
776
561
207
207
123
129
268
561
121
561
204
561
561
561
561
355
642
241
959
312
600
169
561
413
413
971
653
601
624
952
129
392
135
561
554
813
714
775
207
318
775
1022
561
173
733
1017
786
704
906
859
392
365
855
890
232
305
561
358
933
413
762
282
400
153
515
968
84
798
984
787
450
766
862
958
686
654
112
906
445
668
519
561
561
561
886
224
639
558
668
709
169
413
978
698
41
401
262
511
413
918
165
853
404
747
733
359
567
452
170
613
944
207
273
260
647
252
561
657
561
961
561
840
413
207
561
312
669
992
304
107
594
561
290
527
497
413
775
691
291
438
783
413
128
323
561
540
216
786
817
613
600
91
413
996
413
206
948
182
900
561
561
275
865
775
106
413
40
561
601
561
561
561
903
992
851
560
561
329
195
413
544
784
127
891
561
772
561
654
567
561
933
772
218
413
906
413
376
786
129
772
364
775
238
515
207
253
413
1012
13
445
430
865
848
902
93
413
749
775
561
561
561
237
511
361
775
270
413
129
329
1018
459
413
413
561
906
133
772
211
654
862
698
413
133
339
775
348
513
561
347
433
291
786
172
560
561
733
312
775
274
768
39
588
347
974
337
759
329
968
783
772
494
591
453
329
775
387
316
410
133
775
359
865
312
561
775
133
561
413
559
6
133
240
775
845
347
510
133
561
530
772
846
749
772
561
11
413
164
990
79
129
561
786
503
59
453
721
515
532
413
155
654
420
694
449
515
775
413
312
207
561
6
643
668
392
654
413
786
289
775
358
616
906
422
413
413
561
768
907
947
13
798
551
561
721
312
933
515
418
312
561
413
347
809
786
102
798
413
347
513
80
82
236
413
775
318
413
16
126
626
413
515
413
448
561
211
561
515
952
139
767
144
674
312
822
638
561
714
228
169
561
161
790
388
974
475
794
561
261
312
294
114
786
949
755
53
1023
708
6
902
933
561
309
690
577
561
129
775
775
906
822
114
599
729
654
561
836
561
165
903
561
133
994
353
413
1024
413
97
1024
959
845
561
533
561
977
511
561
775
218
709
854
561
955
552
413
228
632
1009
786
538
862
906
76
207
236
561
603
728
600
561
877
45
218
312
561
539
760
561
100
817
845
561
411
561
865
797
207
413
420
786
351
185
654
291
795
654
561
11
775
746
746
865
413
858
936
159
561
413
318
993
312
775
933
772
909
664
947
850
669
679
221
413
772
538
413
775
241
849
999
413
561
561
957
537
178
122
107
775
97
476
561
918
561
761
122
903
561
376
1010
100
812
786
326
433
697
343
8
344
191
775
312
775
304
168
795
654
413
47
462
906
561
561
255
83
813
872
453
89
238
561
359
561
561
562
733
314
906
561
570
643
770
355
654
508
560
793
845
624
786
776
664
129
997
95
734
561
798
890
654
907
654
561
59
413
775
592
131
103
440
134
295
215
134
858
811
629
920
623
171
58
729
903
354
295
520
295
816
107
153
74
546
216
354
586
754
131
134
520
577
25
520
265
74
134
78
76
89
74
665
134
639
134
169
998
729
545
975
112
919
520
27
670
596
520
74
103
1008
409
265
74
142
547
597
828
261
606
391
327
355
975
833
346
805
216
516
606
216
520
859
907
462
920
753
986
74
170
524
279
295
617
134
294
310
530
134
805
520
975
74
287
546
816
1011
295
597
520
295
575
457
788
118
134
907
619
154
107
929
685
91
520
495
134
74
746
134
924
909
134
520
560
284
499
134
234
606
509
463
520
1019
520
656
270
455
134
237
223
74
134
74
295
606
74
495
805
74
216
295
339
397
279
642
51
74
27
530
349
74
306
891
679
816
506
1016
279
134
134
354
74
929
70
885
474
354
146
832
295
593
749
943
47
920
530
134
190
134
361
670
456
949
385
134
597
317
305
323
583
313
74
123
378
744
359
917
284
74
134
242
1009
172
440
149
365
17
134
74
134
285
134
456
134
354
616
363
323
217
141
1007
74
134
608
920
964
597
748
223
584
441
483
746
606
134
892
134
74
670
74
134
519
656
74
354
458
917
670
907
134
367
530
726
47
520
74
163
891
520
464
793
520
74
682
606
520
285
295
426
821
134
803
790
646
101
413
270
374
43
134
612
134
245
295
888
816
74
7
295
577
530
200
520
670
354
952
759
1021
257
74
520
873
892
530
215
816
74
630
74
278
134
922
543
817
295
134
216
548
816
597
74
689
74
483
520
74
295
67
216
530
290
209
134
450
439
962
547
74
740
134
670
134
134
890
424
134
699
354
74
691
134
683
354
134
354
23
715
545
617
123
295
501
295
746
975
348
44
65
134
110
541
520
965
698
920
216
528
134
142
832
439
311
265
134
74
862
357
259
670
234
57
629
74
354
124
134
503
327
295
912
223
907
74
134
757
630
134
379
98
165
670
495
520
134
678
780
597
543
74
596
279
339
134
282
270
135
595
547
83
134
74
74
454
397
597
354
134
907
295
589
354
57
907
74
520
403
279
161
134
611
345
981
300
295
216
279
976
758
187
816
134
255
541
897
810
629
95
907
134
520
606
440
264
874
346
44
74
134
606
840
134
134
134
74
340
462
617
524
6
630
134
647
907
134
520
606
474
74
348
463
134
57
348
134
197
530
474
134
804
916
530
108
279
74
252
704
61
446
478
30
570
606
520
630
499
229
418
40
134
1
295
606
134
816
76
2
134
134
134
520
134
903
223
297
499
530
798
134
582
603
134
216
531
945
339
96
662
354
134
566
295
134
627
321
897
419
463
463
520
561
27
520
57
209
606
891
474
74
216
210
891
525
720
741
912
908
165
519
920
216
5
1002
295
7
57
734
606
520
90
959
597
463
348
134
227
967
725
54
295
131
907
496
816
7
354
134
134
134
216
520
441
134
217
134
495
520
74
223
684
454
56
91
142
788
659
574
793
650
74
74
134
344
530
519
895
715
348
914
156
513
937
165
932
670
580
670
920
907
477
803
134
249
134
134
111
990
730
134
165
134
375
76
816
277
74
134
134
327
1018
708
494
670
323
718
859
907
321
172
530
520
549
14
74
1013
916
769
891
891
579
449
139
70
914
558
166
959
520
970
134
917
339
742
134
859
505
592
463
363
1009
177
630
58
756
948
134
520
515
134
74
504
237
295
80
455
891
123
943
533
688
216
41
548
597
74
917
134
382
793
993
237
134
337
295
979
637
608
1021
520
768
907
917
759
670
910
291
133
146
74
134
245
74
907
520
223
615
295
961
134
463
684
853
388
597
119
231
935
891
74
74
7
327
816
805
554
423
529
74
520
258
528
74
670
525
134
670
456
539
424
742
896
688
1024
134
525
907
388
520
941
134
134
440
254
144
279
360
469
891
134
597
337
473
520
441
327
134
741
27
548
323
196
228
221
348
859
765
567
670
520
975
134
313
442
788
499
377
453
295
349
134
300
897
520
630
654
1020
134
670
327
368
929
287
904
314
247
881
1021
295
486
134
488
466
499
327
27
458
233
672
291
606
108
173
824
606
546
74
789
354
362
907
974
134
354
929
74
920
630
387
11
13
520
134
134
670
134
127
665
907
520
111
861
232
134
134
134
74
907
365
327
285
646
176
170
768
839
110
134
757
989
134
134
583
85
353
258
803
728
870
520
342
874
354
891
295
1005
691
631
528
134
134
279
39
134
134
440
1024
74
295
134
134
236
606
636
805
136
514
127
154
333
134
295
223
134
74
74
613
520
140
530
53
161
354
907
463
354
8
134
530
716
893
144
150
798
114
920
57
705
363
379
510
510
731
369
807
510
530
432
209
93
176
121
311
499
311
948
334
391
510
510
323
672
707
311
294
512
311
324
478
70
200
962
449
645
272
323
151
413
314
385
775
510
171
932
70
749
829
510
787
495
137
707
311
846
750
700
510
74
510
311
787
454
803
455
400
411
734
524
348
669
311
418
596
510
227
932
855
301
301
70
330
658
763
57
70
419
198
151
311
795
386
525
906
1001
836
311
277
189
795
446
413
645
301
510
189
311
811
399
737
394
645
510
311
359
311
171
613
932
301
425
556
105
358
645
798
320
761
673
371
886
413
766
120
426
114
510
103
454
458
254
74
3
969
193
189
734
74
31
183
454
722
510
510
698
950
301
612
151
701
301
378
606
91
421
242
120
707
510
413
510
54
539
510
242
857
411
553
510
858
763
196
889
242
688
311
596
304
160
510
413
219
725
224
311
560
959
112
230
753
168
510
529
591
730
787
311
437
57
834
74
151
171
510
101
57
301
721
283
70
226
901
29
242
411
81
552
106
673
465
690
530
287
263
707
510
918
43
730
510
772
510
510
473
679
320
85
846
679
242
74
311
454
479
510
510
102
91
846
495
758
158
510
456
872
159
495
707
187
598
470
846
789
311
510
451
1016
140
57
510
883
829
744
172
214
686
420
932
510
74
311
707
70
413
386
456
752
827
311
983
277
417
734
674
390
932
679
301
707
86
728
510
510
886
479
510
411
510
711
311
311
726
679
510
600
22
242
172
586
510
510
510
487
386
280
300
301
88
301
93
631
955
926
151
510
315
932
304
651
510
510
740
680
311
57
510
510
805
687
510
301
510
311
557
810
311
275
57
385
707
930
845
311
105
28
777
98
913
70
135
510
515
617
542
396
990
881
730
511
212
301
510
222
301
882
744
564
301
57
546
379
23
904
303
510
629
707
510
811
707
679
696
57
980
957
753
465
301
617
395
57
542
158
367
57
707
9
177
532
707
311
311
70
505
510
311
398
135
1022
606
753
450
301
941
450
681
731
301
849
700
679
385
468
596
439
861
316
515
242
743
679
510
311
510
650
430
813
206
712
495
877
510
515
510
770
343
132
187
754
872
411
656
707
315
413
1016
151
779
603
518
413
311
188
787
367
311
707
239
84
510
311
617
785
311
932
326
569
401
272
311
831
510
518
982
333
810
311
932
171
367
725
974
272
510
772
64
73
171
311
510
567
836
751
311
311
565
967
510
510
179
402
242
510
301
190
725
891
785
311
180
617
836
703
1017
510
311
707
311
510
849
138
753
668
311
242
492
165
311
70
57
918
411
510
970
531
313
653
510
301
367
510
995
785
510
853
617
510
57
787
313
199
510
732
796
195
171
951
318
540
595
197
311
510
138
645
516
524
987
510
57
510
729
87
481
753
845
841
515
514
550
311
57
134
707
292
674
411
1010
74
837
151
758
710
889
510
550
510
745
510
28
242
576
479
311
242
510
593
70
76
862
311
189
510
301
311
294
510
419
57
730
645
301
294
74
481
782
311
588
612
25
277
510
452
524
454
272
974
528
559
983
311
6
65
679
425
510
301
396
707
510
311
542
379
448
47
311
359
350
592
151
70
455
393
932
510
301
151
932
151
510
74
872
707
510
37
411
439
510
277
28
510
251
472
510
510
196
609
707
977
171
625
311
311
41
311
565
242
510
580
972
845
510
872
48
301
510
569
301
311
753
493
411
787
385
916
596
880
311
889
466
414
414
510
510
769
389
435
753
54
70
654
419
649
448
311
684
86
45
822
301
406
790
273
122
311
510
419
70
888
240
410
197
917
753
510
844
276
510
707
510
510
301
845
616
510
611
196
767
413
29
413
731
851
834
504
292
217
753
102
1006
134
510
962
943
311
529
162
311
207
131
74
928
301
510
301
670
57
311
311
379
70
586
592
171
510
510
692
323
610
724
369
932
781
1019
615
301
645
320
810
296
707
810
206
318
269
598
844
879
844
787
542
510
510
542
301
983
510
379
411
114
973
564
93
844
871
191
325
932
568
77
591
510
874
510
932
311
707
559
393
112
54
70
189
510
316
301
510
484
738
266
596
639
607
411
282
682
311
846
411
753
532
134
541
567
510
510
306
311
70
912
70
914
271
189
301
617
435
301
373
510
510
882
678
15
411
734
618
932
301
301
180
813
951
70
510
972
787
510
590
510
264
74
439
957
510
411
311
333
510
49
679
754
70
725
1008
24
647
543
380
143
26
558
15
471
858
968
745
967
510
301
556
510
657
510
737
242
787
510
811
232
598
422
755
242
510
64
311
679
231
456
404
390
411
171
2
596
748
455
510
394
70
52
964
863
481
863
924
898
969
746
48
863
668
429
845
3
481
218
964
863
257
863
180
562
52
1014
1008
338
52
770
58
220
381
222
463
863
863
481
588
303
197
341
788
863
818
863
742
964
18
863
87
278
964
22
440
1022
48
52
10
539
647
863
257
539
913
334
429
761
771
257
539
490
48
13
863
792
184
539
181
197
775
374
39
431
163
590
218
338
739
657
441
964
964
1007
863
48
39
411
863
52
48
739
641
160
145
863
506
863
678
552
539
997
411
645
241
771
48
281
87
3
760
268
863
964
942
539
542
196
863
863
475
52
927
742
181
48
964
863
863
441
845
891
276
235
543
221
789
118
863
854
694
704
268
424
851
889
374
956
729
329
429
331
863
402
708
201
47
3
971
565
258
647
218
481
863
342
481
48
643
907
845
931
349
863
539
616
964
131
683
863
863
597
845
964
665
118
60
103
845
242
823
594
863
182
863
448
228
987
24
184
16
181
783
771
111
342
458
566
126
746
863
578
847
863
863
167
82
862
863
863
184
863
372
825
374
964
181
273
481
429
845
52
48
309
687
429
547
380
52
979
218
863
180
863
438
103
846
543
207
991
539
463
67
288
130
714
563
863
964
713
76
474
863
863
845
293
38
177
845
863
1009
792
914
463
83
890
543
481
863
957
539
149
374
724
303
539
863
515
699
453
429
54
888
816
863
58
508
543
961
864
454
964
93
481
195
48
611
429
863
863
1021
48
106
113
192
756
539
308
845
108
863
440
342
863
490
664
416
321
730
173
470
548
115
746
709
771
48
964
964
708
543
751
964
48
463
126
52
845
463
128
539
374
904
863
845
694
964
70
221
481
80
863
48
863
329
863
802
863
677
965
572
863
111
53
863
964
512
268
964
187
964
36
338
756
424
317
827
167
863
108
227
335
746
570
863
845
463
845
965
48
555
226
746
180
964
48
808
342
845
338
519
1012
450
863
441
964
519
539
482
964
539
176
877
235
863
422
10
908
252
474
941
845
863
411
863
539
48
103
350
539
845
579
463
682
863
720
429
99
3
863
313
217
836
845
788
726
863
90
110
305
353
627
167
530
342
326
7
107
172
539
845
396
374
182
3
863
863
119
48
863
97
863
863
122
941
368
539
377
523
761
964
587
683
964
863
193
863
99
578
964
440
705
338
810
863
52
1003
863
113
845
342
964
863
374
543
1019
687
188
964
964
580
863
48
342
792
515
746
15
539
747
956
863
964
853
568
506
927
429
26
863
416
510
929
964
90
863
608
478
701
568
539
48
543
927
845
863
961
108
258
863
133
617
372
863
995
746
994
178
48
84
539
224
927
863
90
964
458
863
539
824
91
863
964
199
863
48
863
894
429
492
731
126
689
889
251
1022
330
539
863
363
52
544
964
90
280
863
429
952
52
845
543
863
863
543
3
802
508
1002
118
301
756
863
481
104
48
481
863
441
863
539
863
863
863
869
329
773
818
412
539
863
667
289
147
863
833
863
863
895
284
539
338
1009
48
863
325
863
763
863
863
916
139
889
1007
762
1014
863
964
6
350
756
837
437
375
1018
927
410
480
964
52
256
1012
650
432
503
496
540
133
756
539
299
515
240
539
480
430
792
118
118
3
792
756
845
955
46
70
863
48
539
399
863
863
121
845
845
233
863
863
349
771
1004
689
964
784
7
3
441
354
863
36
257
236
494
338
458
539
692
792
134
964
49
342
980
441
257
752
240
964
494
746
748
260
964
258
356
342
515
863
863
615
793
998
441
173
399
539
863
329
771
411
718
964
792
218
173
964
364
600
964
481
1024
336
190
490
964
476
338
167
845
818
695
339
539
361
724
342
746
746
968
964
664
4
48
863
863
459
268
906
328
539
48
771
845
182
964
229
539
48
591
342
863
126
436
863
845
845
406
964
88
481
217
889
620
863
405
964
863
331
10
52
946
235
367
1012
863
652
35
863
397
471
48
29
863
223
964
481
293
221
756
293
342
811
240
792
746
48
289
346
983
343
441
763
675
461
539
134
859
180
336
583
863
77
484
240
964
130
539
763
863
997
722
58
374
427
196
719
539
964
991
964
807
978
863
527
964
429
964
481
48
964
454
338
487
48
749
951
829
338
257
964
48
641
427
863
48
863
460
746
863
468
687
374
255
590
427
1007
342
664
3
863
396
173
828
205
591
674
845
689
277
539
882
830
13
964
975
481
52
863
845
218
977
372
862
694
722
186
863
383
1012
19
429
863
964
863
130
964
111
155
863
7
438
425
518
863
48
374
13
48
197
596
660
48
1012
3
877
746
905
3
796
863
275
863
964
578
427
913
863
964
974
863
48
3
48
441
964
139
534
662
962
306
620
760
760
896
649
110
811
25
760
110
783
503
110
179
110
110
962
53
552
620
110
110
110
174
682
760
859
760
12
110
775
758
625
795
64
135
783
662
672
2
490
57
110
760
602
450
807
72
823
110
563
760
527
4
223
626
248
369
348
57
852
760
110
797
607
291
110
1
298
110
1008
110
1004
779
698
662
264
894
760
110
783
287
33
161
248
369
795
59
365
2
324
287
800
324
649
760
110
760
760
110
1005
933
649
496
674
856
760
110
110
202
616
90
187
110
783
607
86
760
229
110
708
760
57
164
933
674
119
674
692
457
783
503
900
110
450
143
795
649
110
110
206
266
951
110
760
3
625
662
110
699
879
160
760
821
670
850
228
143
664
674
649
674
110
177
218
49
576
737
291
328
266
981
985
760
329
282
129
760
166
110
46
537
783
1024
703
760
110
760
629
228
741
798
443
593
110
412
783
664
1000
410
664
935
282
795
298
291
640
92
294
552
649
57
305
1015
908
887
183
822
157
22
911
110
110
879
64
783
662
860
189
824
287
783
369
674
662
649
692
795
95
110
496
226
981
1003
539
824
634
760
110
990
73
465
760
273
30
760
909
116
110
245
152
730
456
110
600
738
110
282
918
573
165
543
760
323
110
355
649
110
110
920
795
110
779
652
879
687
831
884
777
424
110
538
30
649
629
188
783
214
888
806
348
760
649
480
450
760
120
512
408
177
649
25
496
589
567
894
110
110
110
760
500
783
662
811
561
287
100
110
835
910
315
57
589
617
489
772
451
110
516
435
116
589
150
773
664
36
473
492
138
760
110
410
511
783
390
896
662
175
144
255
196
811
662
920
30
964
789
811
348
110
356
518
760
35
760
760
110
730
795
116
845
656
942
165
675
662
546
57
910
760
298
649
579
1003
16
461
972
798
1015
184
674
394
589
801
484
812
783
110
646
110
348
965
110
325
116
570
148
110
86
662
1
811
348
158
287
11
177
179
975
827
472
110
771
803
110
2
153
205
110
225
15
933
124
491
964
674
706
894
719
790
345
783
377
589
912
110
649
933
298
460
760
649
656
110
760
698
625
933
974
287
102
879
954
829
110
878
640
686
923
672
291
1000
876
836
110
1012
377
599
494
78
586
561
662
760
372
662
625
294
662
834
473
837
189
760
662
849
940
783
760
783
589
404
832
853
110
511
110
187
783
110
453
783
662
625
135
760
93
756
451
912
868
33
589
602
30
883
625
561
249
12
649
500
863
30
858
760
935
110
664
835
958
936
69
965
209
649
701
110
979
910
576
63
110
174
319
401
110
662
803
228
783
662
664
942
293
674
929
568
110
99
110
664
649
662
110
110
110
649
464
649
760
330
266
110
811
503
662
39
116
780
760
783
760
291
668
760
890
110
887
649
110
783
243
942
110
110
298
402
110
760
760
110
589
668
81
159
99
649
679
458
2
49
1021
747
918
589
463
369
662
662
377
589
894
390
908
649
508
674
798
769
176
886
662
244
760
503
833
380
110
664
723
760
291
165
700
110
674
738
795
989
951
783
56
110
630
110
649
681
110
812
662
17
36
228
686
911
626
589
512
633
649
668
674
662
110
54
760
503
504
216
951
715
857
183
662
461
580
951
1021
662
143
548
783
674
722
918
160
183
664
795
649
706
942
607
760
110
134
110
110
959
646
361
57
929
662
116
110
2
98
649
760
110
128
962
199
5
951
110
291
110
410
223
886
783
932
496
933
673
110
783
952
276
635
943
674
649
228
336
110
110
1011
110
348
167
245
783
320
965
110
760
649
429
110
951
783
991
110
625
99
110
2
325
948
965
174
2
625
674
5
750
110
472
110
110
760
110
912
72
649
656
543
760
110
110
110
110
587
110
110
933
110
110
531
103
795
160
692
649
183
760
199
233
674
165
577
760
110
348
110
560
692
607
594
602
740
589
349
2
74
701
700
750
110
336
662
760
541
860
845
460
15
783
365
709
294
795
152
164
110
783
597
110
625
817
811
542
783
783
662
419
910
664
505
760
783
110
760
110
531
583
589
894
1011
244
110
2
215
664
327
789
372
110
35
503
760
783
664
923
93
644
57
177
803
95
768
751
810
824
760
589
57
167
105
503
110
110
110
2
215
245
291
104
159
760
411
326
854
233
635
377
110
760
885
383
649
460
110
662
876
41
686
760
674
424
244
760
57
883
349
115
783
110
709
362
482
496
726
933
886
963
110
116
1016
28
30
478
567
649
754
64
161
110
760
369
110
674
760
110
399
795
887
435
861
674
922
110
339
664
680
173
668
686
110
649
607
152
110
266
943
110
760
460
662
110
854
35
773
15
739
646
940
914
745
237
802
918
848
745
703
143
364
887
164
362
919
586
586
202
848
570
745
886
507
164
586
586
95
130
328
848
848
164
940
299
379
745
47
762
164
940
760
125
703
164
805
394
780
874
954
164
996
362
169
156
230
475
110
311
164
887
877
992
740
164
164
339
993
164
145
404
168
903
301
202
116
164
874
253
307
301
2
671
777
100
935
680
408
420
874
785
565
201
935
605
833
475
935
500
818
597
311
998
419
164
266
321
135
164
887
998
835
928
123
914
202
867
388
464
874
380
887
818
212
658
202
971
874
874
95
804
874
181
301
321
745
668
874
941
202
922
657
164
739
935
887
825
301
469
164
164
450
469
655
131
745
164
82
799
294
703
988
542
362
842
940
164
935
165
818
963
625
1004
787
674
712
818
699
874
311
919
143
23
586
586
756
777
438
330
789
200
951
931
1021
606
954
1016
290
163
996
296
464
848
168
442
874
394
381
510
586
935
586
874
31
931
940
143
164
194
874
434
922
874
502
164
236
937
616
874
231
874
595
164
584
146
164
164
164
586
793
718
542
589
954
661
294
542
874
542
818
1019
739
221
164
935
417
919
3
874
542
164
680
818
927
610
164
164
704
935
960
607
994
874
586
434
442
164
919
350
164
164
164
829
480
832
583
745
849
85
874
708
164
202
949
136
827
164
650
199
586
519
580
927
586
367
118
112
458
164
307
887
1023
586
475
682
998
782
992
30
880
591
449
202
164
224
922
598
919
919
843
880
229
202
330
773
874
874
879
473
785
873
164
202
202
586
777
164
580
475
926
380
567
164
597
586
430
192
388
745
398
862
745
998
1013
164
164
586
168
919
972
164
629
164
671
922
147
164
141
518
705
99
670
307
164
793
867
874
874
164
874
560
998
311
466
556
88
202
723
818
436
164
175
586
158
654
827
874
205
935
874
164
164
164
164
307
164
202
205
874
391
406
586
586
887
992
940
937
874
597
874
683
773
232
922
661
534
542
294
591
1014
499
617
583
8
164
9
481
170
204
955
874
629
940
818
164
326
560
164
849
51
459
164
144
923
940
579
164
832
178
116
320
818
125
168
818
567
881
681
183
394
164
874
757
570
205
735
935
465
328
180
47
887
311
745
873
552
111
37
202
164
597
164
874
977
164
405
164
586
259
371
164
919
164
185
163
874
164
971
92
303
164
882
724
164
940
164
316
935
164
874
100
935
533
3
818
968
164
874
491
164
164
187
586
954
164
362
954
164
586
747
703
311
954
935
577
822
307
745
886
926
524
913
264
874
164
848
14
760
164
586
164
9
389
887
294
4
164
848
157
888
294
757
900
789
431
590
307
914
818
287
680
980
705
164
145
874
164
703
935
255
847
164
887
1016
399
444
239
164
897
818
136
935
187
164
836
740
19
848
935
328
887
586
874
164
330
153
164
343
89
289
1010
424
164
164
867
164
848
889
673
164
164
164
992
818
874
848
874
810
63
935
954
680
164
164
164
874
703
1013
212
586
164
164
618
164
940
818
750
586
542
164
233
542
710
164
124
661
164
606
12
412
164
384
828
307
935
874
643
202
706
848
699
299
586
164
661
159
448
703
968
164
874
935
820
923
595
874
252
164
55
299
311
863
202
154
164
848
859
184
233
715
333
887
121
164
874
407
980
125
526
542
818
745
164
534
633
253
887
164
874
164
164
874
976
14
998
164
745
863
346
952
164
922
202
425
778
848
164
164
560
115
202
631
718
299
141
164
586
174
1023
887
938
767
1017
164
541
499
271
592
299
164
940
954
874
42
745
164
874
384
238
202
789
505
874
146
874
284
913
818
164
818
625
1007
164
832
164
586
164
447
780
542
23
164
381
874
992
663
164
472
586
874
490
753
701
328
283
919
887
164
578
972
934
466
874
137
675
370
381
937
627
125
220
744
963
874
297
859
597
520
658
666
922
666
164
25
705
970
164
131
202
296
87
173
292
164
164
591
164
586
28
352
164
161
186
141
818
701
824
873
202
777
560
601
922
162
200
485
708
806
848
620
367
605
745
718
202
874
683
316
675
935
783
164
342
874
483
586
940
50
858
164
973
186
954
786
88
114
300
882
572
586
237
125
567
474
887
686
874
164
5
164
299
839
874
397
746
647
164
709
931
829
164
94
675
874
919
117
940
793
974
164
221
100
777
164
164
164
823
164
164
724
919
164
514
718
674
52
164
566
838
848
801
919
62
890
164
661
848
586
493
312
532
973
839
586
874
848
198
963
887
164
164
799
44
586
638
940
393
866
974
832
972
874
299
475
670
164
164
915
294
184
586
164
164
703
1016
124
936
100
164
202
745
705
1004
47
661
934
449
185
782
309
871
917
908
908
509
635
935
757
634
191
839
268
146
722
453
617
939
523
1021
318
863
871
934
908
87
908
913
606
247
315
936
908
541
16
908
791
83
255
891
211
908
93
831
606
411
908
523
941
934
276
411
334
908
811
83
411
64
647
908
324
718
508
908
1
806
875
299
411
9
81
908
263
448
195
268
184
268
908
908
915
554
411
646
871
671
61
757
546
268
159
716
154
355
908
822
9
908
909
844
803
871
908
520
621
295
871
658
908
996
468
512
908
9
315
918
480
934
782
908
373
301
658
802
908
520
919
83
808
513
582
743
908
757
605
908
428
292
321
69
287
908
83
399
444
954
939
871
245
908
890
908
315
908
268
908
720
891
908
685
782
273
954
908
1017
83
908
635
339
871
83
908
572
331
774
315
16
72
908
863
725
695
268
239
83
268
248
934
490
934
174
95
81
34
36
934
462
696
314
934
83
522
908
490
45
940
268
287
483
712
908
871
98
83
83
727
587
757
684
12
83
712
993
42
828
429
83
1021
399
908
707
635
83
83
128
908
522
83
358
909
83
782
202
377
768
532
187
908
417
22
945
947
95
1008
87
759
934
83
182
83
191
268
11
908
439
274
681
648
896
863
908
527
324
25
941
908
191
908
69
83
125
966
712
380
934
315
574
1020
782
268
83
908
268
661
268
908
912
603
697
191
428
737
996
380
908
908
739
581
791
591
657
280
191
191
521
83
83
908
803
315
154
978
178
284
803
83
1017
684
281
908
606
420
908
249
9
288
753
757
1020
83
313
459
214
191
45
871
908
268
743
908
941
47
908
83
480
83
908
550
92
908
908
908
220
908
782
575
500
533
480
754
97
315
407
913
519
803
83
333
757
908
908
63
803
908
650
81
411
193
990
914
268
908
525
159
694
606
247
1023
83
777
315
908
45
315
782
83
950
875
908
267
908
170
908
562
191
913
871
663
67
116
782
993
248
280
59
712
517
908
332
662
727
908
370
927
941
908
191
695
210
549
908
712
83
315
848
770
83
268
234
191
908
871
908
881
355
267
347
934
214
908
908
4
908
592
275
119
325
712
673
151
407
908
872
908
61
112
908
908
409
184
285
187
547
941
908
247
630
83
544
61
86
34
67
247
315
908
782
264
928
191
908
908
315
83
925
698
727
757
580
934
13
83
411
495
826
527
693
934
162
128
825
315
584
248
83
908
148
525
908
83
809
191
128
119
57
227
995
175
476
315
450
397
948
268
633
575
800
268
740
521
128
483
855
9
146
782
483
502
98
83
306
463
1020
364
730
880
871
908
268
476
413
908
616
768
941
913
4
673
608
908
458
908
315
908
22
954
718
315
56
268
908
643
113
658
908
268
528
937
327
1024
433
119
45
563
268
993
580
838
315
806
444
315
191
786
45
244
483
908
316
33
757
626
908
960
891
871
908
246
118
501
784
646
268
462
790
586
992
757
517
151
908
908
908
894
308
908
791
448
380
908
312
934
616
83
8
991
128
908
463
298
863
83
727
380
908
15
83
327
941
83
908
908
861
336
993
315
489
800
670
908
783
782
1020
130
908
576
568
908
83
128
380
512
162
757
804
535
327
348
712
545
684
782
306
908
108
908
313
757
870
231
62
89
908
908
871
739
83
201
380
908
1018
83
803
315
356
233
878
483
9
16
908
311
235
619
580
83
356
191
908
444
941
908
908
118
83
903
821
801
908
965
1002
782
59
771
128
731
83
782
701
315
717
936
789
169
98
908
815
860
83
934
83
315
944
943
273
407
1014
269
924
247
669
458
712
725
908
541
908
812
273
380
7
968
268
99
908
248
934
548
908
908
908
975
908
908
96
315
993
922
908
803
803
483
908
533
863
1017
868
712
247
315
908
757
954
83
908
489
914
604
908
803
931
709
87
908
411
620
329
58
268
12
512
766
964
83
40
908
191
908
908
69
232
308
315
9
782
989
769
757
569
462
782
45
483
315
171
410
770
908
58
603
969
83
784
908
83
648
607
908
407
83
546
315
698
908
380
45
908
719
893
845
934
602
622
936
782
1008
315
83
466
18
918
112
531
762
1020
405
201
908
191
489
457
276
83
803
908
69
436
177
191
178
728
541
322
83
362
1002
255
757
871
83
78
908
908
908
708
61
331
908
230
757
471
653
908
871
871
871
913
987
191
284
731
541
360
934
83
997
908
191
913
908
191
603
702
956
521
268
183
803
908
968
908
192
908
83
893
83
908
908
908
118
683
603
8
509
908
908
521
908
315
757
988
908
178
941
913
875
908
315
914
908
151
908
69
512
1020
464
908
757
871
83
176
908
712
83
1015
712
653
934
483
934
