8192
17
110
11
422
1
6
887
1
3
775
816
21
1
880
2
4
11
1
1
100
1
2
3
1
668
2
1
5
2
5
11
1
99
554
407
1
4
711
386
1
4
28
17
1
3
788
925
482
2
3
17
407
1
27
1
5
7
7
1
1
108
3
1
2
4
417
18
12
6
51
6
1
357
2
657
1
617
195
805
1
19
646
281
142
1
1
943
2
2
84
2
15
655
999
388
13
3
405
17
8
2
303
1
131
2
1009
4
3
1
4
935
403
6
18
745
1
4
55
1
4
1
15
928
332
1
6
136
180
533
2
3
1
3
600
4
4
10
6
2
1
4
129
1
2
177
6
20
8
5
31
30
354
384
2
4
1
3
164
31
175
1
151
1
1
594
1
1
317
165
560
132
95
236
540
174
209
524
4
1
20
2
669
7
1
2
15
212
477
1
2
2
29
12
21
769
2
26
5
1
5
1
4
509
1
1
10
7
26
1022
37
772
3
8
44
100
99
27
3
20
2
1
51
346
29
2
1
73
1
1
1
1
30
12
566
5
565
20
60
121
7
133
755
4
4
2
1
258
19
7
3
4
1
956
307
9
17
506
1
4
1
1
65
781
1
2
93
11
9
9
70
728
1
414
856
2
455
2
1
322
5
13
7
4
2
6
48
1
1
30
1
320
2
769
99
610
1
17
1
3
344
812
80
463
13
1
4
147
53
186
7
7
1
368
11
644
3
1
544
1
7
1023
1
3
1
1
116
2
23
2
6
759
1
5
77
1
3
53
910
1
272
682
3
1
4
126
6
7
2
298
542
77
5
367
891
13
2
2
1
1
1
652
1
15
289
493
16
1
89
24
535
4
2
1
208
209
358
1
179
3
228
553
3
602
1
628
3
1
39
5
1
50
347
48
377
15
1
831
627
56
724
15
230
102
96
2
17
1
49
258
900
2
1
24
3
5
8
57
481
9
10
2
1
547
1
1
1
1
3
6
63
106
132
63
33
100
990
713
30
1
137
835
1
1
58
1
1
1
4
10
272
982
16
20
2
238
9
18
226
5
2
1
936
8
680
1
407
70
1
1
600
4
90
45
2
2
3
21
1
9
108
28
2
745
328
22
1
1
301
46
54
1
24
18
890
44
1006
1
640
499
4
15
914
24
612
2
4
63
2
1
2
2
166
1
484
28
436
3
1
1
4
3
2
2
3
5
1
237
4
10
55
14
4
1
474
20
368
3
10
437
361
3
3
1
480
3
44
104
3
350
11
2
77
3
2
4
749
2
10
3
124
328
1
49
598
596
2
482
4
283
216
1
77
1
1
277
293
174
24
6
1
4
717
813
1
20
785
58
319
200
1
30
1
1
1
1
583
1
6
2
7
860
2
47
28
19
859
511
12
797
1
688
2
12
1
1
3
720
2
13
1
257
14
19
4
20
4
1
390
2
680
17
1010
4
3
1
17
13
5
5
37
3
261
34
4
21
3
289
1
1
738
23
1
28
633
3
272
484
1
26
1
755
441
59
15
967
2
1
1
741
333
410
1
23
3
293
247
330
6
113
1
8
3
3
176
7
1
5
105
7
1
1
339
1
1
25
1
4
243
1
7
36
1
675
7
20
2
1
365
24
141
1
53
2
842
141
431
2
1
2
3
113
9
112
374
2
1
23
4
379
3
48
5
279
34
308
1
8
29
928
1
30
14
4
13
731
7
2
12
150
25
332
1
22
865
1
1
2
1
1
265
22
22
14
393
1
1
874
84
1
4
1
3
30
47
672
2
708
10
1
1
3
5
2
251
4
1
3
829
36
1
45
105
2
5
564
2
15
414
16
389
1
12
29
993
874
1
1
4
1
62
1
1
89
8
181
796
1
1
8
3
1
5
788
3
165
2
192
625
4
3
1
1
4
2
10
3
2
89
58
99
2
5
27
263
144
1
222
70
2
1
419
2
92
1
7
905
450
1
1
6
51
1003
2
679
30
4
633
627
630
1
2
2
835
1
174
281
4
2
294
155
86
122
772
6
3
15
248
545
6
84
1018
1
1
5
6
5
13
760
1
2
1
2
34
714
1
894
5
380
648
7
1
33
858
468
15
34
16
13
1
3
884
11
588
12
11
1
204
5
224
2
268
1
73
7
945
1
1
397
4
565
21
1
14
1
1007
963
659
30
654
484
3
62
972
83
57
73
4
1
8
5
795
13
2
406
1
168
179
1
691
382
14
606
4
17
37
950
111
1
29
402
2
5
1
420
335
19
3
12
2
1
3
543
3
13
489
8
499
39
40
1
43
1
2
3
16
1024
516
2
1
607
2
2
5
822
89
8
623
958
7
1
1
3
802
3
794
865
91
17
10
732
9
540
633
1
4
6
330
377
625
22
1
2
12
14
75
1
1
1
564
173
33
367
793
1
31
2
1
319
7
1
4
677
4
113
582
66
266
435
2
31
2
120
1
2
202
2
1
3
2
17
557
8
257
3
4
1
225
1
242
137
614
1
8
5
8
4
451
62
39
1
51
639
1
96
57
520
375
3
1
3
6
845
74
45
1
1
115
95
1
40
505
665
32
51
1
5
5
79
1
13
736
1
28
1
26
729
5
19
1
820
2
64
1
951
1
39
22
5
132
346
55
3
1
28
317
7
1
1
11
349
3
1
1
30
2
1
5
651
7
409
2
131
368
992
1
3
8
3
104
28
2
240
559
908
1
921
5
111
1
100
310
2
1
1
471
23
1
2
2
69
587
820
794
696
7
1
10
14
3
21
4
14
1
99
188
1
353
179
3
77
12
136
596
2
1
730
712
9
5
12
132
107
2
938
6
1
432
194
57
2
11
10
2
5
80
691
97
595
375
11
2
1
1010
1
12
2
611
376
2
14
163
331
1
22
2
2
68
401
8
788
3
55
871
1
2
47
871
252
229
1
969
5
75
1
7
193
3
22
249
469
779
160
909
620
3
2
45
824
1
347
1
931
5
1
2
2
56
6
2
509
11
392
1
2
43
397
297
28
177
1
2
584
16
5
1
46
586
656
1
17
33
12
3
4
1
2
2
922
15
18
3
639
179
789
27
2
2
5
894
1
970
96
4
1
2
734
415
815
58
231
335
1
1
324
27
3
494
2
1
741
3
4
1
32
1
1
2
12
3
3
6
559
1
1
1
2
1
788
6
864
6
34
2
698
1
58
1
1
8
7
1
27
4
713
3
32
134
17
8
374
6
5
773
1
4
7
4
1
723
250
855
22
55
9
836
16
1
11
88
2
3
1
26
1
1
5
722
3
996
7
382
1
71
2
18
102
2
3
5
7
2
72
111
10
65
774
1
1
776
1
8
362
367
1
382
1
906
2
1
254
381
10
1
205
122
4
722
254
1
2
1
1
877
23
609
1
376
6
788
1
27
17
11
2
1
1
10
455
4
20
2
1
1
767
17
7
1
1
4
9
1
12
171
295
1
1
2
1
42
1
352
1
346
331
2
1
239
967
4
8
561
13
5
599
86
13
536
855
9
273
391
1
44
161
1
1
3
925
1
1
1
38
8
27
1
212
2
3
291
6
6
283
276
33
1
979
4
586
1
253
9
178
687
318
357
15
17
792
509
202
96
76
4
12
411
82
1
7
2
3
12
666
3
1
17
817
3
51
3
1
3
2
26
641
750
1
1
3
541
3
8
6
20
579
1
1
2
3
326
187
52
2
9
3
5
603
539
18
1
821
5
1
750
498
617
1
617
1
476
4
17
1
17
4
77
5
10
24
1
45
5
14
550
357
10
6
1
1
125
1
4
459
2
2
287
257
758
2
10
8
1
8
1
3
3
393
1
1
329
293
239
1
346
673
3
4
1
1
898
4
1
949
380
1
623
441
64
57
31
847
4
3
243
602
82
121
1
33
1
1
1
2
4
2
2
1
246
49
1
3
2
1
7
70
649
2
944
919
6
534
6
98
1
4
3
223
1
24
1
624
1
5
1
1
612
1
135
2
11
225
21
655
17
19
5
3
432
1
423
881
428
1
4
1
466
6
73
500
1
3
619
120
562
201
170
454
18
198
1
886
93
558
394
3
21
1
9
112
15
1
726
200
1
932
107
1
751
24
571
3
2
113
1
3
1
826
79
1
24
9
96
1
3
281
344
11
2
180
587
413
3
2
1
331
1
8
1
1
418
768
10
1
305
188
806
97
28
9
1
218
36
13
2
1
13
293
109
1
1
453
11
1
1
3
2
1
271
636
137
834
18
1
149
2
6
9
335
1
1
7
93
4
2
11
2
1
24
2
847
2
29
14
1
58
200
363
1
4
8
483
1
8
11
1
181
2
913
1
36
4
3
8
791
23
11
27
20
58
1
7
5
3
19
33
3
2
43
237
236
2
754
396
177
12
1
982
7
14
3
3
18
33
126
360
93
14
368
2
422
50
1
918
7
5
67
30
569
1
545
4
4
655
1
768
62
466
760
237
397
24
177
31
2
5
947
3
461
1
1
5
1
3
143
1
1
30
70
1
2
473
188
2
273
2
322
9
11
2
1
1
6
5
38
1
404
38
6
1
610
956
2
6
1
97
1
19
72
2
1
4
24
2
582
1
1007
13
7
1
10
189
6
58
876
1
867
4
1
5
1023
1
5
127
1
4
452
10
1
1
595
5
3
1
6
4
322
1
898
1
19
4
1
1
1
2
6
1
5
178
176
154
7
1
100
2
253
20
4
181
984
12
17
907
2
1
726
8
3
22
75
9
3
16
4
1
1
3
16
4
2
314
32
15
871
993
6
824
2
15
2
13
80
3
640
1
3
1
1
1
8
25
1
840
42
663
2
1
1
946
1
10
17
1
523
1
774
369
1
1
2
1
6
1
1
1
2
327
19
979
1
2
257
733
583
94
922
94
317
1
6
8
690
977
204
724
28
224
191
11
1
2
2
1
58
8
1002
25
3
1
713
707
5
248
523
4
32
42
4
3
226
1
52
2
244
3
1
5
1
14
877
2
1
1
9
4
15
23
605
2
2
1
4
631
536
1
3
1
1
11
11
2
31
280
1
85
200
23
351
1
8
14
73
5
2
1
822
6
341
1
7
1
75
19
1
25
1
100
28
3
34
796
334
53
18
1
1
4
70
386
459
15
696
495
1
1
2
993
12
913
2
28
6
6
3
262
2
151
1
176
101
1
84
5
33
1
123
6
46
6
1
5
1
8
313
14
8
2
1
5
3
439
13
35
3
908
1
752
1
2
1
9
1
2
2
2
2
1
21
3
1
817
216
2
2
666
1
7
94
173
1
4
11
14
691
1
10
110
2
3
1
8
4
22
190
92
1
7
704
991
4
127
456
11
437
12
643
3
2
1
54
9
2
168
480
195
16
3
60
100
9
127
123
40
477
54
1
82
23
11
52
1
1
1
15
531
1
1
11
116
1
24
2
910
1
6
14
273
1
6
1
3
1
1
8
464
1
845
1
2
3
440
511
2
10
30
1
2
1
88
604
172
2
10
1
2
3
2
634
820
10
6
437
1
1
21
3
3
12
1020
138
1
3
241
542
11
1
27
1
75
59
2
1
555
16
15
74
6
1
661
278
49
579
1
271
40
19
1
1
2
1
478
382
1
596
2
167
873
1
1
743
8
51
973
3
446
43
1
157
81
294
1
10
1
531
2
3
395
3
1
85
485
1
8
1
2
1
717
2
274
55
817
205
763
15
5
497
2
351
1
1
784
264
1
41
17
58
2
5
82
78
2
416
12
71
1
53
11
5
149
68
2
412
157
727
24
486
1
1
534
999
3
1
1
44
1
1
6
1
9
13
56
8
563
173
1
601
26
31
500
459
1
11
959
101
997
827
915
191
155
2
2
865
4
525
4
1
8
500
14
20
5
99
4
309
1
2
112
1
1
11
10
4
4
1
83
2
2
535
1
2
8
3
521
1014
403
2
1
63
235
10
23
4
14
2
2
3
47
1
1
93
345
1
20
2
769
3
2
682
442
941
1010
20
623
439
1
2
1
4
772
1
2
14
4
32
4
77
174
506
262
1
333
13
226
6
16
6
2
4
159
50
28
1
33
2
66
10
10
3
1
736
2
54
6
992
43
1
84
2
9
1
2
130
642
32
9
6
1
3
1
1
17
497
798
476
63
6
6
1
362
1
28
3
1
775
368
1
367
517
8
126
121
114
2
1
318
7
452
2
49
34
2
1
1
8
1
12
1
9
1
1
2
24
698
518
740
27
3
389
102
4
2
3
1
13
52
36
3
2
161
8
1
598
91
725
46
1
503
6
444
1
59
25
73
1
24
2
44
2
147
644
399
702
5
314
7
294
720
6
6
776
6
4
306
3
2
288
5
1
2
599
466
169
623
1
7
1
1
1
292
3
167
1
2
5
3
720
2
37
89
1
34
771
59
900
782
632
154
8
2
211
60
2
1
6
4
187
9
317
1009
3
1
1
39
2
338
810
1
5
10
3
124
3
1
4
1
3
489
47
805
1
2
95
1
2
52
1
1
554
312
3
1
1
27
212
143
1
518
1
954
1
505
172
43
1
252
6
15
2
3
34
719
2
123
973
2
4
4
1
1
298
20
944
2
12
830
19
218
5
2
3
1
13
1
7
279
241
688
4
1
4
1
334
7
736
2
461
313
134
25
158
3
3
4
11
926
871
10
1
388
140
1
142
723
2
21
37
5
24
665
1
727
1
77
1000
6
3
4
15
13
754
185
713
4
2
3
1
4
1
3
12
4
443
15
618
975
7
1
3
358
236
43
142
841
1
4
238
3
2
23
399
6
17
4
304
1018
708
19
1
395
3
1
1
3
1
127
23
478
814
1
3
2
652
3
481
3
562
122
628
1
536
3
77
1
392
2
1
1
1
542
474
73
11
65
266
964
2
42
17
10
175
299
9
1
90
1
4
605
18
10
41
2
6
1
4
940
8
9
794
9
1
2
491
3
342
159
214
729
645
916
872
1
3
80
20
4
590
829
9
721
541
7
867
48
9
45
1
997
260
40
666
1
280
1
128
1
12
156
2
2
11
6
1
5
798
570
101
807
19
582
50
3
675
1
12
11
15
8
183
845
364
1
8
7
5
12
49
1
2
16
5
1
7
704
5
1001
772
295
2
1
2
2
2
1
2
35
1
879
2
1
491
2
163
24
1
1
6
7
6
2
1
25
42
2
6
60
197
1
248
1
8
162
1
700
38
25
3
236
12
9
1
1
610
6
990
6
19
740
852
44
137
875
11
1
7
368
1
41
2
124
164
4
107
2
518
3
2
1
105
36
1
544
936
958
1
104
1
1
1
242
4
121
5
130
168
1
1
2
1
1
237
1
6
597
1
1
156
3
446
1
2
10
2
2
2
173
82
3
2
3
3
2
3
14
2
1
1
866
1
10
1
665
1
844
1
1
5
76
1
1
346
82
30
2
3
2
9
557
103
1
8
60
59
229
707
1
1
4
8
1
1
2
940
821
3
554
410
1
414
15
1
189
3
134
552
5
1
573
865
25
1
2
26
1
76
921
1018
953
15
13
687
409
18
4
8
234
572
2
881
69
65
4
5
2
362
339
954
35
768
2
12
19
20
1
40
1
1
2
1
1
1
4
15
581
5
1
311
1
34
417
61
3
756
760
60
3
2
14
495
4
1
9
3
702
63
4
3
2
10
1
839
98
64
1
1
15
1
15
69
539
1
18
652
45
1
4
452
2
1
2
1011
2
226
1
2
32
2
3
2
1
3
7
342
17
888
14
15
26
1
5
211
553
152
827
1
207
143
7
1
14
146
37
1
19
1
855
2
225
532
8
1
986
12
209
14
45
2
1
5
5
20
204
976
327
378
973
254
358
1
61
3
48
24
479
1
66
52
2
40
1
743
3
502
2
1
1
831
1020
92
7
284
8
1
534
2
983
3
348
3
2
1
9
40
32
1
19
616
1
1
1
1
721
1
5
297
1
888
341
2
7
7
13
336
1
218
9
90
2
2
827
3
2
69
54
81
706
7
1
329
8
163
1
122
401
514
77
205
18
3
11
165
1
24
1
949
15
11
717
928
563
851
788
1
1
5
371
716
1
1
832
16
1
2
825
4
1
7
250
478
310
392
994
98
1
109
218
77
1
7
451
826
412
101
1
219
4
866
10
2
821
4
396
1
3
1
20
2
1
2
89
27
1
1
22
3
9
1
188
729
1
311
8
3
334
587
53
69
368
1
188
6
326
4
7
1
414
842
3
37
1
924
1
3
1
183
2
894
355
425
15
15
1
27
443
22
6
731
5
1
4
1
1
1
1
842
884
1
2
412
760
2
110
2
15
529
221
1
773
1
89
18
35
2
3
3
1
1
6
5
738
1
6
5
31
61
318
163
4
5
929
777
1
2
58
126
1
1
1
536
325
1
130
1
1
3
695
4
36
2
3
24
1
5
773
1
473
9
2
22
1
9
208
88
58
2
28
9
763
23
21
3
39
105
1
233
158
419
24
1
114
7
7
1
3
67
2
252
913
47
122
305
88
4
7
1
1
7
2
966
11
573
1
707
190
304
19
1
46
964
1
15
805
1
1
6
9
1
41
2
2
7
774
109
5
2
12
2
1
9
1
199
3
4
468
2
8
733
1
1
4
749
534
20
44
5
82
152
357
31
424
23
1
604
1
12
401
176
9
934
442
909
6
2
110
541
118
1
1
37
1
1
10
4
2
1
3
135
1
969
1
4
26
20
11
35
81
1
1
3
20
309
17
1
1
1
1
2
437
40
128
1
40
642
3
180
2
153
44
99
897
59
237
18
1
44
9
241
1
1
5
1
397
594
7
903
8
1
958
2
12
40
4
67
1
10
264
3
1016
12
1
1
796
8
234
1
1
9
2
1
2
854
3
4
867
4
17
720
151
296
704
506
91
2
27
510
160
649
4
7
401
158
7
569
1
1
92
2
5
285
6
2
24
1
80
1
2
18
2
3
3
1
2
1
7
1
1
4
6
851
1
1
1
7
218
870
18
4
3
303
1
2
1
109
18
1
13
2
352
4
1
13
13
680
3
69
107
1001
1
642
2
787
239
1
9
1
2
329
41
14
5
666
1
7
802
3
1
2
1
1016
27
8
5
717
931
1
1
10
2
7
11
382
1
1
441
9
1
2
5
246
7
10
953
620
5
1
3
73
2
9
2
2
9
848
767
772
829
2
1
525
3
39
29
17
5
1
3
1
3
4
2
909
762
832
8
3
6
860
1
1
861
1
4
2
25
2
7
57
2
11
2
2
4
122
57
166
1
977
582
841
340
2
12
5
8
3
503
169
482
1
767
1
79
18
1
1
8
190
3
67
1
805
14
11
85
439
4
4
469
96
10
214
12
644
1
511
6
1
931
3
2
1
431
224
390
961
997
3
2
41
24
48
2
870
81
2
108
77
213
2
1
1
1
2
562
4
36
1
12
1016
118
1
261
966
702
216
3
4
5
1
4
1
1
667
1
398
37
560
2
1
9
21
73
3
2
3
363
7
193
1
748
1
541
190
1
214
1
1
1
1
20
556
1
792
1
165
4
2
23
1
749
2
5
72
6
13
24
1
7
576
2
1
3
1
1
3
169
48
4
351
699
139
3
1
42
724
272
2
324
173
122
1
2
5
8
752
11
930
2
78
1
44
176
8
1
1
1
521
30
79
15
7
1
17
3
9
726
6
99
1019
2
4
3
157
1
701
2
41
602
75
2
9
304
10
477
986
478
77
883
171
342
1
7
215
6
1
5
809
31
3
1
1
18
1
9
15
4
1
884
420
974
13
180
25
7
1
765
254
283
14
2
1
3
1
1
536
586
1
117
432
1
50
1
332
43
544
631
18
3
1
567
4
10
1
1
77
983
347
616
1
13
18
1
1
712
1
325
1
440
697
11
89
1
397
1
212
1
884
1
387
22
1
936
23
1
833
17
19
1
1
1010
20
136
1
7
277
43
475
210
6
3
3
5
57
18
1
3
38
7
1
1
2
1
2
405
1
70
1
8
456
865
210
4
793
1
1
51
4
3
949
6
5
1
343
1
717
30
821
2
1
340
1
7
11
4
7
194
135
20
4
746
343
11
110
2
12
1
46
3
2
43
870
1
25
4
2
1
37
108
2
29
15
246
1
6
36
25
147
599
5
30
496
4
2
3
1
45
3
40
169
529
1
533
5
4
326
344
6
867
6
553
502
35
833
2
924
195
900
1
708
10
1
360
3
2
2
600
2
27
1
1
830
651
582
3
5
3
6
98
561
2
1
8
1
1
736
605
807
54
3
16
917
93
261
14
6
20
2
4
5
9
564
1
2
36
892
66
1
624
3
1
1
2
1
4
1
3
94
58
1
61
879
109
6
1
2
605
4
2
1
4
1
9
1
15
2
2
2
160
2
762
1
401
766
119
56
6
3
602
2
135
298
158
1
462
861
204
48
2
602
12
1
107
258
2
437
424
2
1
18
28
8
45
215
91
1
16
8
13
12
1
710
1
990
1
97
958
844
3
301
7
10
8
4
6
16
498
2
5
4
19
1
1
1
1
2
206
426
4
1
2
615
735
5
2
499
1
1
1016
1
3
501
39
3
2
381
1
584
313
22
5
25
1
145
2
501
14
2
244
1
786
903
1
509
425
1
8
99
18
6
1
247
2
8
23
43
960
66
3
1
6
670
532
1
25
974
782
866
15
2
723
12
499
2
1
790
10
384
1
709
3
68
777
6
53
943
2
2
388
387
1
11
22
838
439
246
3
849
1
10
978
1
152
1
309
9
6
413
14
615
3
674
3
3
65
147
94
1
640
524
809
782
894
217
40
8
2
1
28
1
1
735
2
1
1
31
4
4
736
1
161
164
3
125
111
219
106
398
503
2
597
4
4
898
69
1
1
1
10
2
1
3
397
1
42
3
1
853
40
6
19
19
2
4
1
1
1
1
148
876
11
34
1
1
1
1
5
680
6
201
120
7
1
59
2
1
1
18
6
755
466
4
1
1
1
1
1
237
18
1
3
5
260
403
16
1009
12
848
1
27
2
1
4
4
1
4
21
66
23
683
2
3
4
1
4
177
140
162
557
1
1
73
430
3
7
1
918
3
992
39
2
83
78
5
2
1
2
1024
1
13
1
245
17
43
568
1
82
173
194
149
11
478
2
820
10
39
34
5
1
2
34
2
3
252
4
4
2
635
21
1
101
1
985
79
29
367
29
629
6
846
10
500
23
1
10
9
283
3
26
1
687
71
12
3
984
5
1
56
9
414
1
411
78
529
8
2
1
43
2
462
18
3
3
2
2
3
1
1
491
27
47
3
3
239
6
233
41
265
940
32
951
3
76
1
92
663
748
92
107
686
1
410
17
80
1
10
1
15
2
2
182
21
50
72
1
2
101
9
2
2
109
6
1
2
363
275
4
820
35
1
1
1
681
340
15
2
67
18
49
960
227
25
1
207
732
219
326
4
1
194
135
2
1
796
1
205
3
271
1
3
378
32
1
1
198
3
1
473
870
972
674
4
2
1
7
482
44
26
5
938
685
2
1
3
49
508
7
5
914
390
866
10
2
11
125
2
292
2
11
5
7
489
78
607
900
4
955
104
512
577
75
1
3
589
1
626
1
51
3
469
12
115
2
46
349
37
1
3
39
25
5
31
4
4
3
377
3
2
2
979
994
4
46
40
944
15
1
31
227
5
4
2
82
4
325
7
5
442
933
15
85
2
1
13
496
10
2
21
1
4
1
8
892
291
9
148
953
2
207
28
849
1
1
11
14
35
5
14
502
2
3
102
1
8
1
9
1
40
62
3
57
1
2
9
730
2
8
36
1
24
2
131
974
2
5
8
1
2
17
8
481
1
1
38
548
3
672
1
336
3
1
166
21
649
3
3
22
72
2
2
253
423
76
505
5
1
1
56
236
78
999
5
882
136
4
7
115
13
790
18
1
5
494
8
72
1017
50
1
167
141
4
397
206
542
28
419
8
244
784
1
865
47
457
423
481
66
338
1
28
1
1
1
622
645
1
2
2
757
902
56
1
25
5
7
173
36
36
14
2
1
2
172
28
1
14
2
1
1
14
1
8
185
287
322
25
938
3
2
1
539
8
822
214
1
397
6
36
293
1
151
10
1
79
53
7
609
21
2
1
3
3
5
1
1
8
2
4
15
6
1
1
2
1
565
226
810
8
2
5
93
179
11
1
1
797
1
1
120
901
503
979
15
572
994
4
2
3
1
12
148
2
1
481
80
249
3
1
1
1
2
6
3
1
2
14
1
93
820
32
107
2
3
1
140
657
773
2
291
2
7
100
4
2
5
1
992
1
2
586
228
1
4
1
15
551
189
1
1
21
36
452
1
1
8
621
8
3
199
946
2
2
3
202
46
3
1
14
758
518
799
41
28
401
139
3
3
355
885
533
13
5
22
1
5
187
15
136
105
593
1
6
465
5
17
964
1
798
994
25
629
155
8
4
4
9
139
226
133
1
111
42
10
2
2
10
1
495
1
36
753
11
37
2
44
5
273
6
1
4
2
593
2
4
30
6
2
2
543
10
25
1
152
17
5
1
1
2
566
234
32
556
919
2
201
1
15
444
63
59
138
507
731
399
2
4
14
11
1
7
272
2
258
332
159
2
2
2
944
101
9
840
1
1
14
856
110
93
6
3
1
488
31
3
2
920
1
485
6
8
1
1
2
2
9
505
15
6
2
242
18
7
1
2
739
511
68
30
53
7
388
3
864
50
3
1
1
15
1
1
257
6
7
1
18
132
306
2
5
711
113
36
463
1
17
4
866
12
641
698
1
399
620
1
360
88
93
932
3
1
1
79
1
1
1
189
46
1
3
36
1
46
11
2
4
748
6
703
1
23
79
16
417
3
26
777
2
2
2
3
160
2
828
1
1
136
1
3
12
26
6
60
972
124
1
284
81
7
662
2
1
146
105
13
5
1
2
16
413
995
2
756
8
16
550
1
1
19
753
1
495
5
2
53
3
62
2
2
3
489
562
1
265
8
1
292
286
762
21
522
3
1
1
546
91
307
1
10
30
6
336
21
1
950
2
2
5
1
1
681
388
56
3
976
11
12
556
695
1
1
25
1
847
2
3
372
17
97
1
1
3
5
303
119
1
472
21
3
2
83
3
16
1
2
8
5
1
12
1
8
36
5
26
171
11
912
708
1
4
1
388
3
669
1
349
10
30
94
201
1
155
138
5
2
905
715
38
80
757
976
2
305
2
3
172
1
1
1
649
621
451
222
1
1
1
2
962
261
1
1
1012
1
1
794
1
1
3
212
503
1
3
3
5
1
1
35
7
1
1
602
966
56
2
4
1
761
58
1
1
83
29
669
247
114
878
4
33
165
4
10
3
905
123
8
2
6
2
1
4
864
9
604
644
32
370
79
564
1
734
210
31
5
7
318
3
34
493
1
2
14
54
8
23
7
1
1
1
2
44
19
922
2
18
860
1
3
539
361
470
4
99
881
924
1
1
177
3
9
50
4
523
4
7
197
350
1
1
1
10
2
1
563
1
769
2
2
772
27
452
1
5
8
707
1
1
1
4
1
1
2
519
2
6
8
944
4
9
2
71
262
1
1019
159
960
10
1
1
793
1
13
23
248
13
1
2
8
256
289
16
120
3
1
11
16
1
20
3
15
2
72
6
15
3
1006
1
1
14
178
9
21
1
1
7
36
3
9
1
1
2
11
4
47
2
344
786
223
45
5
767
56
1
85
754
722
1
411
1
6
602
1
18
603
1
64
831
1
125
134
17
235
31
217
23
50
16
1
358
7
2
7
320
2
714
827
1
1
3
2
1
1
2
64
367
1
1
236
5
150
300
1
1
1
1
128
1
239
897
10
2
15
1
1
267
3
330
4
4
2
11
422
24
37
1
230
31
538
50
678
103
714
5
43
1
84
295
4
2
634
2
390
1
702
2
8
300
1
1
100
4
329
4
1
19
786
78
13
1
88
90
1000
1
2
50
1
1
1
17
899
7
101
3
7
8
49
1
1
854
58
14
3
384
104
2
484
6
444
2
16
8
1
516
91
37
1
1
30
944
1
10
1
16
290
991
214
609
12
1
875
23
740
22
669
2
14
16
1
1
740
165
358
1
1
13
8
18
13
1
841
15
1000
458
377
1
1
51
3
1007
460
181
1
5
701
24
1
151
30
17
722
1
1
3
8
1
185
71
3
2
110
671
809
170
737
274
6
5
118
143
7
879
1
60
848
1
13
494
1
1
21
16
269
2
8
10
82
13
1
1
825
4
403
104
1
2
305
341
1
27
12
4
902
931
172
17
333
4
35
1
449
91
1
580
2
4
1
1
18
3
222
480
1
32
44
1
47
500
2
16
7
5
2
116
833
8
349
149
378
864
1
6
219
1
315
797
226
742
269
131
839
1
2
365
841
274
6
5
631
819
1
75
6
1
1
15
595
10
1007
75
1
5
466
6
1
927
5
1
49
158
2
304
3
2
7
3
9
2
195
2
307
3
266
288
1
76
153
218
46
1
69
13
1
1
498
76
451
960
2
3
6
17
2
2
26
366
2
56
599
93
490
1
1
1
2
4
6
1
1
20
6
3
5
32
1
686
2
256
428
195
2
714
890
253
209
1
630
1
2
24
8
255
1
812
3
9
2
2
597
8
797
181
3
1
29
1
43
20
95
2
143
1
1
1
261
3
1
200
809
1
3
2
770
1
65
1009
1
317
203
25
1
1
755
794
14
682
51
1
2
1
108
20
12
29
525
520
33
960
126
879
1
34
1
8
1
2
388
1
2
404
1
1
694
963
102
1
63
11
4
1
26
3
1015
279
24
700
5
787
3
717
1
1
84
86
1
85
1
155
5
1
15
242
1
4
8
4
20
4
4
2
565
2
1
13
7
13
25
7
5
52
10
4
665
1
1
10
150
3
4
3
54
654
713
80
2
1
7
106
44
19
969
106
2
132
16
1
3
848
42
1
1
660
5
2
20
3
1
858
1
2
11
2
40
2
1
87
160
62
1
1
1
1
1
2
80
4
1
1002
575
8
27
3
398
4
2
1
548
951
1
176
24
65
1
31
2
1
19
2
1
41
859
1
2
230
26
22
1
1
5
654
1
1
1
130
6
3
2
488
29
1
1
8
157
957
881
1
2
1
1
4
10
31
18
2
854
2
1
301
1
1
817
5
203
16
1
488
1
377
19
1
1
1
5
610
436
586
42
2
2
279
1
1
1
1
72
649
3
2
1
22
1
5
748
4
6
20
1
4
5
473
7
3
10
1
1
344
146
2
3
490
3
1
2
4
55
40
1
1
1
4
1
182
8
2
616
170
1
517
147
742
21
1
1
785
1
323
1
317
5
5
91
39
509
1
2
2
12
1
24
164
4
35
1
2
1
1
873
1
612
124
15
1
5
1
266
26
9
2
14
1
1
540
29
514
9
2
2
981
14
1
3
135
821
11
5
474
5
589
1
407
7
1
1
2
117
9
1
280
883
106
9
14
93
48
7
1
1
2
456
132
1
24
1
20
13
2
475
12
1
21
188
52
48
288
6
3
1
1
616
37
104
88
5
176
729
905
52
428
259
3
10
1
1
191
386
2
1
90
37
176
54
65
449
6
1
18
528
65
1
4
1
2
1
1
53
6
27
654
505
677
134
445
310
1
4
2
1
1
955
103
3
1
62
9
2
5
5
267
2
34
2
6
45
5
1
483
3
174
11
4
1
1
5
1
580
840
146
1
18
355
377
341
1
7
1
492
8
2
1
1
347
3
288
2
858
2
2
2
1
1
11
2
37
3
225
1
553
538
2
2
17
5
11
13
4
5
1
8
307
668
682
1
42
11
3
23
1
267
1
2
3
1
1
1
4
1
2
443
1
697
327
4
51
81
5
5
222
51
22
3
1
1
27
64
1
3
4
2
1
791
741
1
644
10
4
19
1
549
29
86
11
6
64
15
1
8
1
9
749
23
178
349
538
1
130
736
971
34
27
7
72
1
1
7
576
2
3
1
1
22
639
8
1
2
1
85
1
1
1
3
1
859
13
7
1
23
2
1
1
1
7
22
738
200
5
1
54
4
1
17
240
670
1
16
1
1
88
12
266
973
1
1
36
284
19
6
14
5
43
860
139
29
66
586
614
3
336
3
1
711
3
25
2
216
896
7
1
3
3
159
188
1
10
2
9
1
151
1
12
3
2
7
3
1
1
1
2
184
877
87
143
1015
1
2
306
115
442
42
719
8
85
8
1
534
21
1
169
3
2
84
106
1
357
4
923
3
1
321
22
1
258
730
4
6
496
11
16
27
167
1
206
1
47
1
390
5
7
4
326
1
7
82
1
690
5
2
216
70
1
52
14
3
7
635
4
541
38
917
292
796
725
672
7
530
280
51
370
1
11
529
4
604
464
27
1
1
807
35
1
6
2
2
121
300
1
206
147
87
1
3
1
2
6
2
2
632
91
712
3
611
2
5
5
1
706
1
102
860
5
2
2
1
2
10
1
4
4
564
22
2
13
5
3
6
4
4
4
15
98
121
899
168
848
4
2
977
15
525
6
14
169
1
10
17
215
1005
28
190
1
1
4
344
11
61
1
988
6
24
756
1
695
829
441
844
210
1
13
1
271
4
3
3
5
1
1
7
3
800
307
385
48
34
942
6
1
795
59
1
411
739
902
64
1
172
5
2
4
5
566
97
27
8
2
2
30
3
12
719
640
14
213
1
1
164
368
10
2
179
30
18
517
11
315
547
1
750
7
1
21
4
47
12
2
1
346
77
34
63
5
1
2
305
50
6
1
1
2
86
269
438
1
7
683
77
14
1
598
2
1
1
3
1
279
66
361
1
2
794
1
1
2
1
13
3
1
206
46
1
1
93
307
46
12
6
218
7
1
1
962
144
1
2
197
377
30
2
264
73
146
199
497
1
1
2
2
1
635
3
5
525
1
1
1
16
595
1
7
632
148
11
62
1
30
865
201
309
1
165
6
13
94
2
1
3
100
7
6
3
1
1
814
3
983
791
537
5
898
641
17
2
3
5
187
750
13
313
88
21
229
6
1
586
74
93
25
1
263
32
2
576
863
1
3
3
3
1
1
10
144
1
2
3
961
496
1
18
2
6
1
2
389
415
7
2
458
1
3
17
1
3
1
1
22
1
347
998
14
222
8
321
919
11
823
807
1
5
1
17
225
2
55
3
784
345
1
1
614
6
44
8
2
19
937
1
120
490
2
22
368
1
3
899
1
11
4
9
67
3
235
6
1
1
203
1
649
1
32
24
5
488
2
5
22
1
4
3
422
2
989
2
1
6
9
356
87
25
334
2
31
229
144
3
568
3
208
1
1
11
23
4
36
62
395
2
3
2
690
1
4
2
5
26
470
100
260
2
3
2
2
1
6
910
1
1
2
16
18
1
38
167
961
80
1
971
1
1
1
3
432
22
673
1
1
24
81
1
2
1
524
47
344
1
2
2
552
186
1
2
2
3
33
347
72
2
1
743
210
41
1007
358
12
25
1
2
829
350
173
49
1
4
3
43
1
1
896
729
4
10
4
2
1
11
1
1
84
80
706
1
39
559
12
425
2
5
235
2
3
719
859
524
31
4
1
5
39
1
1
12
3
623
163
29
2
8
1
119
7
156
32
5
2
3
326
115
58
18
1
394
69
11
113
1
135
1
3
204
10
3
7
747
4
494
7
244
15
235
2
1
2
1
70
34
14
11
4
112
3
501
963
2
1
1
135
4
2
851
2
46
414
15
1
1
13
1
2
383
282
26
696
4
954
33
52
2
11
624
1
1
488
1
5
4
57
40
962
7
1
45
73
35
1
1
2
3
122
8
107
3
4
15
1
79
528
18
853
2
2
3
2
1
8
2
2
1
1
2
73
5
437
16
1
12
9
46
67
587
915
17
21
82
1
13
1
38
1
647
1
7
711
49
1
841
1
1
441
2
2
2
99
10
507
3
2
300
96
380
746
40
7
24
1
113
5
279
36
5
6
30
648
541
1
1
984
2
338
7
4
260
8
1
24
647
133
1
1
611
14
5
530
1
1
1
854
131
1
143
1
21
1
1
583
2
359
402
200
1024
774
198
27
810
2
1
68
8
1
13
2
5
1
2
5
1
3
206
119
10
3
7
12
5
1
47
549
1
1
2
965
613
4
393
8
737
52
3
175
11
2
675
154
23
127
4
22
233
13
20
495
6
7
23
12
993
66
415
76
3
1
683
4
307
1
20
9
812
2
66
663
286
26
980
444
1
1
641
1
195
1
4
1000
114
1
585
534
1
2
1
4
1
281
3
1
999
3
1
2
142
19
1
1
1
127
4
2
1
1
903
941
14
1
108
929
750
3
1
1
3
4
24
460
2
212
36
881
2
4
9
76
458
831
1
1
9
720
703
1
35
308
22
1
62
1
1
1
902
6
28
3
4
190
4
3
7
17
1
309
5
56
438
1
450
168
2
6
1
1
888
6
969
13
377
6
5
77
1
19
10
85
3
2
809
420
870
240
3
2
7
1
4
1
20
1
10
2
1
180
10
2
1
629
1
419
1
1
451
11
231
1
1
5
11
3
11
78
252
4
66
1
17
601
77
2
727
1
1019
363
3
940
500
910
