8192
356
329
579
573
612
555
406
608
806
705
544
649
563
611
503
715
620
551
498
437
521
763
659
741
565
526
687
527
617
578
712
396
145
470
479
460
567
609
779
251
533
713
633
740
289
343
327
773
762
491
509
493
744
668
456
553
599
684
523
788
489
591
326
431
225
585
595
629
549
380
578
787
566
607
488
558
481
642
451
631
659
578
540
644
464
401
384
649
404
529
316
574
482
662
100
524
593
490
484
410
601
635
373
582
565
877
990
550
292
431
566
612
485
535
388
486
549
613
945
240
401
463
778
586
378
664
482
374
699
599
516
441
426
502
477
510
681
182
470
558
126
196
635
589
429
378
460
240
590
515
576
482
286
493
608
572
351
401
406
617
641
412
133
604
491
391
458
388
581
187
659
227
550
432
455
529
468
874
444
819
613
280
563
306
309
709
544
611
659
308
484
470
399
483
683
677
325
328
382
231
294
490
337
622
492
623
341
747
763
730
332
756
745
409
338
543
264
519
547
406
499
463
311
486
593
612
164
538
347
284
507
511
761
189
581
416
796
115
445
853
442
457
667
466
475
318
674
498
998
515
515
600
639
648
350
450
954
702
856
602
464
890
556
626
535
674
663
992
742
429
682
17
507
282
740
801
505
654
307
412
474
698
497
346
716
962
338
423
349
541
386
8
693
384
436
608
393
574
317
560
503
281
454
484
858
318
785
955
602
681
493
334
440
496
552
458
598
680
493
439
629
594
721
732
620
401
477
54
330
355
380
401
713
449
382
82
552
436
285
551
531
493
340
582
564
594
588
395
765
299
657
571
705
499
662
493
500
308
637
465
353
497
680
624
438
362
547
54
514
576
462
971
86
548
481
379
298
538
339
520
437
463
440
413
615
293
515
500
547
383
619
304
619
586
388
306
475
351
554
664
480
653
545
735
688
474
401
851
639
682
472
423
490
675
571
249
540
608
760
638
379
457
507
590
674
408
718
584
743
860
605
613
513
687
587
570
614
249
647
417
724
393
440
934
714
680
300
606
707
502
577
301
647
604
353
465
577
628
520
156
193
470
759
682
716
318
481
462
777
552
747
493
709
671
558
641
462
186
332
619
358
385
504
540
350
505
746
496
484
667
412
284
666
697
398
502
433
105
519
582
405
62
653
933
625
692
322
682
535
1024
387
148
693
488
424
424
570
535
487
564
574
377
662
508
803
515
221
307
425
24
465
477
51
482
580
398
591
500
642
357
485
406
514
463
636
613
343
491
598
540
122
565
713
541
564
824
444
394
367
654
505
502
586
357
605
536
823
282
421
418
178
420
470
619
477
599
353
334
561
707
640
583
666
595
238
616
347
526
442
578
736
665
547
751
205
383
595
788
715
650
787
640
501
331
743
70
494
232
444
470
653
403
560
447
770
188
141
560
598
473
447
306
969
594
405
628
697
435
410
610
310
637
593
812
395
708
779
676
14
591
522
588
589
419
373
459
476
484
494
196
609
977
363
543
464
778
505
853
575
784
612
232
385
520
29
438
650
561
524
501
640
517
691
610
341
302
521
700
749
229
396
397
427
533
506
566
811
401
587
720
608
497
447
762
261
422
356
341
976
85
520
748
440
765
434
303
350
322
641
176
709
505
471
629
628
590
463
134
648
171
620
613
332
254
497
517
579
736
604
457
897
625
472
394
823
649
619
326
512
596
757
469
559
275
540
786
301
725
399
485
608
728
950
631
698
678
559
658
485
405
541
504
481
646
424
633
374
635
740
359
405
490
617
509
646
408
533
544
901
454
599
798
233
441
546
514
598
375
526
561
629
687
609
421
131
570
597
476
492
670
459
392
381
466
598
352
697
801
440
369
689
823
476
648
414
407
548
376
848
627
371
447
750
656
822
583
890
586
549
659
249
663
715
714
466
440
329
389
649
603
545
516
441
336
424
746
231
235
700
167
569
909
585
586
861
422
435
877
573
872
194
615
486
380
384
584
370
569
624
798
555
577
496
493
679
640
271
433
614
422
813
794
650
739
425
18
412
805
98
389
573
737
772
428
348
707
583
345
697
503
492
362
474
85
202
341
652
630
246
456
826
464
80
351
551
366
462
578
424
633
418
590
499
486
371
505
543
626
329
161
620
235
519
505
419
31
420
562
605
610
545
546
587
568
541
730
662
582
575
583
930
855
451
697
358
627
647
205
414
502
373
636
928
352
467
518
109
775
712
505
622
451
467
433
438
358
691
581
617
257
328
575
770
515
428
487
632
404
353
681
512
452
849
734
697
653
685
557
349
254
298
744
464
499
426
510
485
420
702
610
477
323
464
519
328
614
475
516
566
704
717
720
495
404
132
653
523
571
743
302
699
1018
569
507
573
684
361
101
762
218
678
387
564
524
389
429
390
908
563
564
415
390
385
512
826
484
690
602
508
461
636
501
501
506
348
295
341
984
462
330
620
127
11
799
325
514
558
732
476
456
590
927
652
802
984
361
811
497
463
256
182
638
580
262
567
451
519
358
833
633
513
953
540
766
547
715
523
994
406
423
798
560
568
769
383
493
461
285
363
449
428
490
390
340
986
970
453
676
257
388
502
525
695
328
535
578
1022
860
535
453
758
720
346
617
316
787
170
579
878
590
865
497
330
470
387
502
685
301
61
304
562
107
458
972
649
520
79
766
586
503
676
660
619
72
351
639
484
322
150
620
702
789
551
233
664
455
362
644
392
366
630
456
679
74
657
644
698
526
428
319
449
671
526
258
327
704
774
750
312
39
424
959
626
500
247
299
719
403
559
445
734
418
639
551
289
417
425
397
587
807
529
728
697
393
557
464
635
528
624
783
562
529
1016
884
127
228
258
192
722
181
435
850
559
573
283
559
475
345
545
469
399
846
524
476
499
482
584
372
516
521
520
365
1012
320
509
529
587
660
745
456
489
643
590
40
97
656
380
547
169
589
332
98
504
472
706
609
755
413
541
788
643
476
544
405
585
701
562
544
577
634
800
407
756
253
521
516
334
328
277
455
523
585
601
623
511
283
631
763
639
563
643
666
466
432
520
268
241
147
327
530
519
619
590
611
708
442
580
365
673
581
502
575
329
521
956
539
720
304
650
591
502
459
584
505
455
741
375
481
333
596
501
853
310
545
658
373
470
600
317
514
479
526
179
729
497
532
607
306
499
391
432
29
984
638
419
523
509
841
342
679
549
873
627
541
488
649
495
342
718
606
341
560
440
820
526
907
531
380
586
394
366
587
142
320
347
335
581
641
541
412
513
178
444
417
351
552
750
688
367
651
454
603
516
337
391
98
440
400
369
376
538
271
474
594
567
524
400
596
502
569
326
367
674
726
430
475
676
640
735
523
696
264
874
629
497
572
567
376
583
533
80
257
654
804
663
615
405
410
615
454
396
348
630
278
156
420
486
257
445
536
661
644
461
448
419
589
525
490
774
509
369
426
584
740
696
637
433
75
130
235
449
360
656
245
534
481
592
741
438
33
470
341
552
751
464
599
811
566
796
412
825
710
506
459
820
414
682
539
769
495
337
298
343
539
665
403
267
618
842
341
541
726
342
1015
620
537
879
530
385
510
458
779
211
726
264
421
62
354
491
984
603
401
693
640
935
546
537
722
466
435
610
454
803
384
267
465
530
604
566
418
557
550
559
584
561
401
426
660
570
481
435
607
601
574
397
528
300
702
593
503
674
386
411
614
536
628
679
534
589
626
317
540
408
716
408
267
656
17
458
543
323
539
358
684
656
545
321
580
471
536
571
581
476
425
495
492
489
564
702
923
936
688
509
402
651
428
660
414
731
480
653
492
535
669
506
403
240
508
606
473
705
369
905
365
103
75
511
584
402
584
386
679
511
584
765
625
970
827
609
438
558
199
770
487
331
613
678
645
539
730
553
427
316
171
577
481
373
659
102
700
570
676
403
452
320
680
515
590
573
481
537
494
673
482
713
879
341
354
587
417
644
731
443
516
314
375
422
409
266
689
199
793
393
409
553
670
476
393
591
437
821
375
195
426
388
368
503
602
767
646
448
623
507
358
452
615
567
670
424
344
468
410
371
120
391
562
590
511
362
643
578
475
635
404
356
658
583
539
418
581
305
458
414
252
369
566
541
666
723
770
485
367
837
417
733
554
78
589
295
577
397
633
453
546
21
450
736
519
611
817
389
110
402
565
286
611
572
791
466
659
740
562
498
996
574
673
501
517
591
650
430
517
626
599
974
483
629
385
615
455
539
370
633
276
459
591
624
657
454
564
538
520
904
536
491
453
197
470
888
453
169
593
487
267
597
497
508
497
503
103
556
637
673
617
468
721
578
507
574
739
151
363
352
548
419
219
432
576
592
160
619
567
351
564
749
982
481
668
646
622
601
417
547
761
670
46
686
656
628
314
325
404
386
424
662
468
420
437
590
477
520
243
764
520
576
108
823
534
184
584
384
310
383
525
546
578
181
290
470
588
651
189
240
624
450
548
653
885
262
600
523
424
903
513
457
337
687
461
545
583
271
651
605
818
732
378
263
277
224
443
741
532
346
823
765
403
675
708
804
279
498
601
301
119
567
609
822
831
438
596
489
663
218
300
579
719
551
473
300
619
757
298
564
560
398
551
528
373
643
473
618
730
381
615
592
387
144
559
297
517
473
513
770
863
332
614
672
307
641
484
664
493
536
697
690
541
551
489
745
797
566
236
500
560
391
607
589
355
538
35
434
533
1018
458
451
645
553
617
1006
525
399
423
303
493
475
520
272
592
487
426
654
627
677
673
453
362
515
514
955
536
40
321
484
734
610
562
497
373
616
507
678
773
390
441
731
620
537
407
238
383
660
581
737
366
371
361
558
585
579
576
308
651
591
172
438
436
948
418
704
302
627
414
504
333
500
710
342
733
694
625
426
380
589
471
354
400
478
438
398
592
388
426
587
556
650
598
712
426
443
422
502
469
664
255
504
591
185
522
598
634
794
454
498
482
352
231
364
349
403
512
607
406
421
921
638
343
659
663
234
519
459
675
376
382
91
585
718
765
747
630
805
54
305
306
314
83
493
129
789
845
563
746
392
703
263
737
404
547
580
516
538
502
580
370
767
487
266
481
505
536
677
289
581
525
479
448
83
554
508
444
19
459
697
767
653
934
763
584
505
304
375
477
659
286
397
785
635
565
518
477
614
706
127
571
582
312
461
128
473
587
435
960
282
560
716
771
559
818
497
608
375
594
523
495
558
321
166
657
384
533
620
324
355
365
573
455
296
530
524
476
707
290
518
473
759
496
813
226
169
574
771
869
686
561
186
843
594
534
444
246
146
724
492
704
378
495
388
875
675
765
643
370
375
412
561
503
577
378
509
422
261
460
681
573
427
545
424
658
402
459
407
378
538
383
583
399
502
345
622
607
313
695
561
542
535
464
393
959
883
585
370
623
796
190
615
477
431
350
488
39
571
225
332
378
634
456
730
603
552
563
944
665
490
112
499
536
54
312
927
276
674
486
492
679
466
590
471
633
454
637
664
602
945
323
418
641
482
698
464
518
464
368
436
447
621
33
823
352
539
473
488
370
674
733
410
688
605
201
370
438
430
634
536
865
708
534
727
375
606
415
792
738
527
411
411
192
349
560
688
449
433
296
591
540
82
416
560
459
521
599
386
544
340
469
419
595
192
469
461
285
429
740
362
464
435
650
89
304
476
795
507
347
631
401
633
624
959
301
411
553
531
387
730
522
797
306
138
242
553
354
833
569
416
645
628
366
519
351
280
596
596
430
450
847
433
283
629
540
641
159
584
548
535
294
581
589
436
423
162
460
581
514
730
651
280
210
654
327
752
550
541
537
553
512
391
423
663
741
477
623
344
750
373
934
768
898
531
476
518
599
673
776
391
618
628
562
492
544
441
500
192
443
425
698
523
562
427
71
257
334
272
379
444
551
475
476
529
586
260
360
550
579
748
531
411
562
560
73
445
24
715
570
419
749
555
615
807
454
264
159
395
576
616
519
252
409
411
731
407
545
177
401
409
323
855
630
698
696
439
490
279
387
129
458
857
507
412
546
761
257
429
620
652
565
445
288
540
589
518
736
627
473
57
582
320
705
438
353
571
420
666
538
372
544
391
613
774
576
573
414
233
512
375
612
509
599
242
448
486
490
503
424
766
411
620
452
365
554
377
399
592
493
456
667
578
378
367
922
695
718
465
524
337
772
616
300
434
402
474
362
553
554
656
335
559
459
528
420
571
709
435
211
577
615
331
4
470
312
678
625
561
385
585
560
466
405
572
595
552
34
434
540
572
575
743
678
453
362
986
357
601
496
596
999
487
384
799
577
944
657
324
642
12
337
483
179
451
434
425
39
379
410
628
187
697
703
447
383
759
326
179
684
563
508
616
448
347
464
562
558
772
478
577
435
503
464
710
444
613
784
520
573
502
617
611
522
110
191
388
451
473
190
482
816
572
641
537
397
348
544
135
414
269
227
225
472
50
493
279
78
520
317
347
411
717
258
555
457
1003
416
480
1018
669
726
449
220
684
271
620
342
337
436
539
453
741
515
723
663
397
505
378
522
669
362
369
580
631
589
565
61
169
629
584
298
800
375
115
611
751
537
383
745
830
564
586
607
661
296
586
1002
270
525
249
535
655
610
650
474
703
475
621
541
818
613
610
192
543
518
580
511
541
635
520
314
442
471
755
18
153
677
663
399
599
359
581
1024
522
574
713
665
375
495
572
623
755
831
480
390
741
648
490
514
591
294
486
388
376
722
547
501
584
582
943
466
374
539
325
550
935
521
547
560
364
266
370
631
366
1023
373
491
288
586
635
183
534
290
78
668
464
329
827
436
608
554
501
363
535
484
465
322
355
551
506
612
473
557
433
539
676
289
576
486
567
909
505
305
572
512
61
841
522
564
112
430
489
595
319
372
465
328
419
572
397
436
258
903
395
400
528
323
17
693
840
489
564
323
564
449
581
322
505
449
354
771
456
448
629
644
537
703
491
382
143
499
643
297
524
634
612
760
507
577
641
477
597
455
449
554
379
591
613
425
336
354
464
371
502
545
718
536
722
587
294
914
483
700
560
383
389
674
618
367
673
276
882
254
581
765
406
752
673
135
718
658
605
452
732
731
877
573
445
177
752
485
442
389
589
337
753
474
202
319
510
499
395
474
310
382
455
390
735
457
219
602
491
736
604
729
411
373
572
909
435
985
505
310
478
842
722
468
531
686
477
748
521
267
256
518
601
764
890
250
363
432
469
628
575
429
479
616
424
304
308
496
438
490
330
763
549
505
147
803
539
345
622
386
649
48
679
739
390
294
382
359
307
521
485
511
420
550
530
386
535
766
693
609
531
564
1019
593
979
612
481
587
540
490
1000
605
490
693
289
667
509
407
647
411
569
815
533
372
430
93
331
536
301
387
506
720
663
442
292
541
507
470
369
509
426
593
665
579
587
298
496
591
591
775
429
521
394
470
609
898
618
725
447
801
669
684
439
355
569
314
594
540
551
56
368
758
210
743
815
382
377
604
249
323
553
713
52
621
325
420
551
398
279
456
526
626
781
336
481
499
12
521
619
250
523
464
507
482
591
498
506
432
437
650
534
596
681
552
411
349
405
448
471
400
496
246
596
660
552
454
170
397
437
85
186
571
367
517
535
408
400
422
584
344
579
351
447
551
1
545
233
670
442
568
680
500
536
525
379
540
686
400
630
570
523
523
705
533
942
728
492
983
523
170
671
596
238
561
452
31
503
514
589
386
884
343
452
567
427
460
640
335
643
688
149
523
626
450
500
291
421
732
226
789
424
545
557
343
782
453
713
424
162
402
475
373
304
442
584
601
263
402
502
457
495
401
226
673
473
476
614
545
545
603
433
210
130
357
552
298
557
491
147
517
524
641
694
613
358
428
880
493
547
437
626
190
454
363
679
175
488
63
622
554
518
490
531
499
541
387
628
537
908
575
562
316
136
851
1015
555
356
345
437
313
314
544
34
438
95
424
481
662
616
275
569
326
712
563
726
387
373
567
373
953
305
471
432
503
269
505
569
356
391
405
518
678
733
609
287
957
309
446
465
614
425
451
639
564
425
875
327
314
584
196
559
626
745
380
209
534
980
347
343
528
510
567
585
972
401
548
394
409
547
510
409
769
414
440
505
567
331
610
695
483
378
1023
462
557
472
414
785
586
569
465
431
505
135
509
756
516
682
430
328
357
445
295
497
496
649
252
276
599
767
513
698
214
334
333
532
386
518
610
517
423
511
366
229
206
853
438
529
702
202
531
316
424
549
511
556
348
291
641
430
341
664
568
563
369
273
378
571
596
366
330
515
603
536
136
441
454
535
577
574
501
464
558
375
593
441
498
345
59
403
449
726
156
513
313
510
794
729
415
489
881
530
280
333
298
414
601
327
620
277
794
499
596
583
599
259
597
744
612
388
835
690
462
585
334
438
893
473
485
614
424
669
504
433
609
532
660
425
505
665
453
526
594
500
503
304
310
651
359
421
329
35
641
310
587
365
593
883
722
310
672
680
443
748
343
564
447
543
345
519
477
494
755
633
479
438
589
762
560
39
277
320
617
525
542
559
115
742
766
634
479
487
639
603
352
473
201
860
615
634
463
500
96
708
612
483
151
413
382
461
519
298
300
446
439
459
166
702
526
396
789
404
480
266
683
28
570
195
93
503
591
1008
494
612
539
329
660
427
471
539
544
685
385
796
515
752
756
481
991
594
34
829
498
261
633
574
479
423
437
447
363
644
890
387
921
640
576
540
518
640
581
467
586
790
359
300
669
323
327
339
603
508
508
522
459
422
788
421
674
612
616
543
725
540
458
561
508
524
571
320
488
638
460
630
582
615
477
396
435
479
606
408
516
684
493
603
575
272
501
586
586
562
452
455
396
555
758
507
606
471
495
759
499
980
442
391
328
857
477
639
566
636
407
409
398
328
333
263
486
559
69
442
740
372
541
675
471
719
709
752
665
608
454
128
360
364
347
459
755
493
238
502
634
777
256
722
571
617
253
531
471
325
345
408
388
465
674
515
398
459
976
621
965
304
433
494
690
664
136
469
434
717
62
533
704
341
436
740
502
690
566
670
660
639
137
854
443
640
576
567
926
398
611
228
320
670
63
475
401
534
461
590
632
593
672
233
367
536
396
653
643
374
480
715
124
368
326
442
656
619
797
90
652
321
353
457
401
351
397
418
664
591
489
791
449
623
1000
568
473
500
467
602
294
598
511
12
557
621
352
600
563
550
495
664
835
775
525
279
560
542
790
306
329
573
551
415
385
480
336
450
542
503
396
471
542
921
485
392
659
490
504
624
422
194
504
372
603
676
604
123
520
440
417
610
550
265
459
601
548
318
200
585
599
130
392
600
559
804
54
566
984
392
532
347
473
645
450
610
661
483
355
14
448
623
509
668
491
979
537
535
565
535
493
612
952
564
218
489
233
572
563
353
540
295
564
479
437
956
411
354
569
641
826
783
389
579
523
615
395
467
723
592
305
617
349
580
523
333
405
453
665
454
565
496
129
738
354
1024
548
150
543
1010
479
782
381
325
105
179
310
1009
614
507
417
635
400
486
626
425
526
358
588
482
579
657
518
313
823
364
163
416
618
244
614
581
348
534
190
492
329
72
545
140
561
398
432
216
504
633
490
683
590
407
747
668
491
124
558
936
597
652
141
451
476
313
276
382
717
485
152
460
542
278
1015
611
898
377
654
752
626
369
616
198
956
644
506
454
267
352
577
579
628
530
405
506
720
492
686
998
371
471
496
604
841
375
679
467
125
875
447
477
481
579
259
327
331
339
473
602
436
618
437
552
559
720
482
1024
442
125
633
692
272
455
537
689
483
858
501
193
591
215
370
171
614
373
456
434
957
306
412
752
956
465
441
235
315
570
476
343
722
409
259
626
616
287
453
555
77
614
408
138
492
505
52
134
215
523
534
920
16
357
526
387
795
472
594
510
609
578
456
481
607
639
559
911
981
499
446
773
220
624
248
530
357
670
552
715
517
611
394
469
441
533
147
794
765
718
529
760
155
611
460
586
494
406
674
513
638
954
294
562
384
437
437
595
588
399
539
610
651
719
713
429
611
525
522
392
825
379
700
497
410
525
327
249
650
149
531
285
589
468
281
270
440
698
519
215
121
553
543
555
496
533
530
648
476
568
669
594
678
158
291
556
605
480
497
647
276
622
16
828
512
254
93
596
545
599
665
436
572
514
683
680
591
29
861
399
731
679
745
614
755
426
460
265
839
337
712
318
599
357
603
304
479
509
549
623
674
593
459
433
740
537
367
812
524
549
510
559
525
308
579
385
527
860
156
688
894
628
121
523
805
541
502
522
380
276
608
403
435
545
666
216
264
528
175
250
83
553
495
660
634
484
658
503
654
439
631
618
347
554
647
503
453
342
397
413
599
501
379
442
513
331
598
447
512
629
563
518
513
646
500
563
724
469
888
316
385
277
560
569
568
620
485
553
254
700
626
985
648
561
476
523
609
883
567
506
690
359
25
536
331
731
922
421
283
311
422
733
469
685
477
584
522
399
56
482
603
563
398
523
533
574
683
444
190
718
55
724
1005
433
483
345
539
635
632
611
649
426
237
374
327
299
950
436
690
591
767
233
764
776
401
381
70
504
705
430
672
818
564
734
254
711
500
338
758
401
708
516
520
614
969
907
645
619
468
589
412
427
558
442
784
606
526
581
592
211
673
537
473
562
806
304
224
496
552
589
491
447
310
449
673
293
783
430
494
469
670
642
563
422
550
247
482
545
442
683
696
348
450
1013
438
201
780
679
397
258
430
506
348
674
447
375
154
259
590
346
413
555
271
610
249
612
761
731
470
613
529
90
930
481
682
599
540
402
452
390
547
452
696
176
381
420
429
493
547
351
59
579
781
738
233
514
163
436
6
381
559
443
254
467
642
448
615
500
364
603
589
339
680
389
574
285
5
367
520
317
414
459
669
451
450
390
537
341
315
341
314
570
711
636
659
387
584
727
652
516
268
400
359
121
365
607
503
516
387
629
668
177
766
339
410
577
122
638
954
499
448
776
294
679
503
590
636
167
541
451
523
650
447
269
1021
383
690
661
614
287
584
731
629
650
579
673
624
298
540
581
635
409
518
371
546
253
589
666
587
350
890
917
359
581
657
367
324
476
420
790
717
426
466
284
471
539
712
489
128
1000
362
507
703
658
535
30
436
705
489
700
499
538
473
435
643
532
260
686
484
594
741
526
689
383
351
639
450
231
655
304
731
362
586
736
137
260
509
802
715
521
1022
360
637
497
551
556
445
526
430
488
572
90
662
254
351
425
593
691
523
310
223
484
556
49
399
445
622
613
393
370
478
270
582
365
324
265
758
401
425
324
289
608
629
546
392
462
925
544
141
666
510
393
650
529
427
669
626
438
582
290
389
433
429
487
972
663
700
577
495
498
455
904
945
273
318
415
682
384
627
740
223
989
825
463
673
462
423
602
524
443
310
542
537
585
710
511
165
534
628
425
556
592
453
645
268
275
457
523
700
500
663
108
517
478
137
740
248
273
393
477
592
735
434
474
397
573
486
718
192
647
549
702
171
567
85
638
928
453
284
936
705
940
406
294
636
582
611
285
540
547
426
474
813
260
588
883
320
631
353
1021
415
509
600
811
412
509
525
427
318
492
466
426
296
515
447
421
501
613
590
388
429
496
349
356
517
940
589
644
659
767
496
384
517
266
298
696
404
688
469
399
295
984
369
493
129
49
430
733
472
742
590
475
239
24
320
623
772
434
645
456
311
833
1000
469
597
369
517
501
468
460
517
395
509
545
338
268
409
722
612
276
658
471
289
493
692
422
359
671
823
646
606
658
561
744
606
716
621
778
119
477
375
486
595
590
516
278
705
656
373
819
594
529
499
547
446
296
565
421
532
505
250
605
576
401
587
357
500
605
329
952
621
433
662
671
386
782
370
253
482
485
363
222
39
606
579
580
287
631
513
342
480
594
467
783
985
375
503
489
688
572
745
665
433
357
753
592
844
430
554
492
631
591
395
605
1024
271
438
374
347
544
706
561
386
405
325
382
526
375
233
659
595
211
585
603
319
490
378
551
433
531
471
882
513
501
512
414
560
311
301
252
976
619
508
403
499
397
376
534
593
988
455
386
393
383
375
625
865
791
92
316
486
556
477
414
14
623
329
449
56
312
458
375
61
583
503
480
688
583
732
98
456
378
590
478
408
484
542
660
736
933
693
665
617
502
639
596
527
532
575
748
577
675
489
972
648
568
710
656
533
505
657
282
446
64
348
360
462
392
956
591
314
744
843
643
442
377
392
426
4
77
667
788
681
470
599
827
615
459
348
706
619
547
413
941
449
472
604
597
516
415
667
354
445
599
564
219
582
593
819
289
665
599
667
604
385
439
465
421
680
480
827
633
556
557
294
810
667
336
337
776
491
566
532
767
441
570
321
103
369
501
375
435
559
330
219
420
315
219
467
447
502
603
628
244
952
681
427
686
943
593
683
580
488
72
560
580
242
369
434
658
552
312
790
756
551
481
378
240
698
323
407
368
334
485
473
441
742
743
410
857
993
409
391
298
316
638
740
984
520
214
349
527
420
808
686
105
566
508
432
384
443
442
233
480
605
493
636
323
261
1016
794
827
213
598
999
314
274
443
403
505
563
407
502
499
617
621
655
509
349
364
484
561
507
905
410
271
310
337
540
403
577
978
201
538
550
210
507
688
667
587
530
381
625
759
581
583
706
464
520
585
616
136
798
305
62
648
383
445
402
672
735
481
516
255
555
180
386
576
487
514
345
470
796
1003
1007
676
549
542
590
661
331
395
470
497
557
675
569
236
363
284
593
498
455
403
444
953
544
1014
519
874
525
911
424
504
721
613
252
695
665
347
778
461
555
951
539
509
12
148
546
434
307
456
252
123
617
987
615
646
677
415
418
464
77
565
962
522
710
459
676
321
349
526
568
706
182
326
701
387
1006
555
520
317
698
479
440
528
616
639
438
260
564
839
743
348
469
567
599
219
908
593
284
324
509
409
406
422
323
195
550
505
490
947
449
454
501
74
416
419
663
513
663
411
446
560
336
380
484
500
490
380
614
477
469
402
509
610
432
603
560
358
441
566
499
555
425
808
423
408
575
374
177
732
478
811
624
670
315
543
628
427
307
814
575
623
283
463
526
717
524
582
234
440
423
256
684
764
567
643
550
461
620
417
346
447
479
314
435
376
585
792
713
772
653
859
626
481
260
537
444
450
506
477
655
428
220
575
361
617
544
621
286
512
651
504
483
520
450
495
488
823
846
467
478
411
368
929
332
732
487
818
429
532
585
717
567
476
486
434
365
334
322
1013
392
362
614
815
445
450
432
478
324
634
315
981
531
707
596
35
712
442
527
444
616
424
483
341
955
389
507
450
445
573
185
142
475
388
488
318
365
551
460
578
461
787
218
328
519
218
5
460
752
430
644
586
160
405
693
321
314
514
291
619
587
609
584
644
309
635
473
558
408
409
459
407
555
442
608
517
435
442
748
18
580
344
566
789
252
1000
504
693
516
546
587
714
545
727
413
749
641
625
982
554
449
681
746
427
247
562
914
563
885
408
451
762
515
169
596
515
228
699
350
578
799
550
478
238
665
754
440
633
497
813
424
646
124
450
799
523
175
863
748
456
701
642
570
506
539
421
619
529
196
601
524
564
465
386
459
468
870
389
674
373
602
996
302
594
544
407
596
566
426
343
631
429
518
787
333
590
678
604
732
658
511
488
573
574
733
501
473
732
212
697
501
687
469
835
327
558
602
555
113
628
515
399
458
632
706
459
485
637
882
643
418
852
116
280
499
574
520
397
508
322
569
469
135
806
386
387
565
601
408
819
616
512
650
797
269
309
525
472
358
606
618
607
596
593
362
497
458
540
594
584
690
354
314
474
410
572
714
543
260
410
444
412
429
475
648
784
469
423
473
779
501
487
643
523
499
785
612
384
411
181
576
294
528
964
515
650
63
431
475
492
109
662
621
826
795
678
650
868
558
421
721
691
601
185
430
501
534
656
362
520
463
445
591
628
695
987
404
543
637
608
677
287
628
438
382
401
753
500
610
487
681
758
280
352
395
534
629
521
507
660
340
543
241
99
469
186
405
85
586
635
520
551
451
522
490
412
621
425
485
744
490
621
838
527
568
586
554
536
529
387
361
786
551
910
506
980
502
552
582
543
221
965
131
143
552
680
690
630
607
527
523
487
678
554
523
715
520
562
252
429
617
638
734
455
816
631
655
644
599
570
413
456
625
549
691
461
480
307
935
155
497
352
311
558
734
260
718
398
593
414
255
605
536
433
462
389
302
583
581
469
890
560
595
560
466
605
352
258
130
671
228
258
659
624
617
458
579
220
481
483
404
838
760
399
590
395
376
291
926
607
664
527
606
598
388
364
588
387
407
456
529
619
951
219
495
407
592
381
183
608
489
653
285
875
521
505
724
748
553
505
645
777
439
652
6
373
533
337
556
443
411
882
498
491
529
426
311
248
692
582
594
835
240
474
549
718
531
475
833
529
265
244
537
781
732
483
633
547
549
557
527
639
399
653
731
597
723
308
548
712
621
769
311
500
560
943
405
251
268
759
691
171
325
626
534
366
842
581
308
546
574
679
501
755
509
550
365
351
384
639
623
1004
107
502
446
319
651
441
407
164
492
1012
481
556
477
550
350
664
771
195
544
398
480
974
162
363
583
414
415
889
281
612
146
464
551
290
387
460
626
754
516
698
662
194
591
702
356
436
388
424
270
732
437
676
396
531
598
36
244
616
440
490
94
68
567
758
77
594
274
561
697
605
553
454
281
558
532
437
353
275
410
313
562
734
558
429
694
584
446
758
545
391
391
832
522
294
477
606
517
440
349
662
333
567
351
530
491
352
111
578
597
421
726
155
467
190
656
303
983
499
513
658
389
432
980
564
624
148
776
263
361
363
422
465
604
675
234
444
273
555
643
519
480
433
343
751
415
373
626
516
662
545
634
383
620
454
938
446
402
450
288
443
114
507
440
661
371
601
544
627
659
409
432
987
715
771
510
501
450
257
533
915
531
379
308
653
694
379
523
671
334
552
567
576
661
794
264
587
590
346
600
780
656
780
1004
765
486
591
437
892
292
57
545
127
538
354
774
140
534
303
333
869
572
158
71
708
464
475
636
448
465
102
162
624
325
413
380
278
402
546
489
978
405
600
812
597
401
283
451
369
471
845
629
722
325
399
393
844
805
393
299
689
483
482
449
579
734
595
574
761
631
549
809
373
616
543
439
599
723
705
466
715
584
133
16
551
471
171
451
795
329
646
419
354
454
560
598
349
405
699
545
33
626
566
418
530
592
214
332
372
283
488
582
268
436
487
94
783
362
226
684
590
676
530
520
757
691
602
637
379
553
566
576
499
963
353
362
521
438
375
672
417
613
618
444
207
680
783
487
534
457
676
921
511
519
749
632
732
607
648
579
349
439
228
781
458
400
723
550
402
484
557
607
439
690
222
663
976
744
454
345
794
678
409
412
351
959
547
607
333
819
575
540
471
581
661
766
556
62
749
483
612
415
588
420
570
828
723
661
601
608
698
204
595
488
296
606
558
519
686
670
479
545
653
322
395
805
453
434
476
667
434
469
206
674
613
60
561
395
593
650
409
555
412
479
495
627
727
381
462
794
131
757
527
433
495
389
616
519
410
315
356
484
378
402
175
734
680
638
596
462
361
192
495
409
602
588
509
480
291
562
604
505
788
344
590
601
208
527
502
259
622
684
312
618
688
638
542
27
401
380
695
494
786
647
453
73
551
541
611
644
222
456
145
510
576
753
409
796
721
173
602
555
508
473
691
545
731
257
661
449
316
561
502
361
238
475
572
562
632
620
214
577
637
555
528
196
335
471
337
794
468
617
539
504
425
524
621
562
999
754
549
498
448
565
475
598
341
578
477
598
573
874
392
696
711
812
629
485
550
301
330
477
359
157
445
165
752
308
722
574
444
474
513
561
516
900
682
710
355
492
459
542
316
487
883
936
546
546
710
129
242
401
251
543
724
337
42
751
544
451
531
272
484
642
500
654
533
533
677
581
512
483
579
406
502
361
551
744
426
457
587
583
516
603
546
453
479
561
548
640
577
606
517
379
516
383
485
276
485
651
520
539
858
505
480
503
395
413
800
678
401
597
432
608
498
430
646
174
598
635
611
449
518
496
993
584
536
38
443
651
55
569
449
627
310
565
509
548
446
672
703
695
496
310
522
451
287
529
663
765
189
434
487
242
727
592
363
811
637
474
388
540
547
547
528
686
159
814
54
570
641
529
431
539
622
652
389
308
905
466
337
325
314
457
722
423
608
552
349
364
419
507
630
786
575
373
541
457
891
616
377
509
380
400
506
668
926
392
729
296
567
417
547
598
680
341
638
484
260
550
632
442
712
952
351
452
503
722
656
588
330
526
869
459
512
514
931
224
412
515
116
749
394
527
491
806
477
539
555
348
629
399
466
628
488
414
589
835
473
611
483
382
522
624
471
280
410
293
395
444
536
496
512
249
918
550
681
576
807
666
368
313
679
616
793
690
582
350
410
302
719
708
604
253
499
854
469
801
591
712
389
702
863
685
452
315
529
625
527
44
711
541
808
568
430
425
678
621
588
526
286
529
354
521
447
661
606
533
599
616
893
352
546
169
48
346
413
290
765
452
566
708
452
606
252
351
416
480
596
597
975
502
442
543
757
717
547
562
1005
661
609
405
669
310
386
393
623
282
556
731
621
404
613
580
491
655
376
416
605
400
770
178
617
357
493
650
619
193
334
862
590
470
458
636
729
59
575
601
680
489
55
191
569
382
328
214
571
467
529
573
590
564
479
558
604
483
622
176
781
502
627
866
434
525
500
587
423
504
658
689
594
461
522
620
492
359
662
374
388
350
597
711
721
534
834
254
475
275
427
275
821
164
684
358
472
132
385
566
830
470
319
429
567
409
339
397
522
412
591
394
497
450
348
534
418
492
395
630
317
713
790
355
475
279
838
538
145
605
453
325
400
527
506
681
578
526
690
188
422
743
317
501
414
573
651
671
601
159
552
628
483
408
512
428
595
264
487
1004
614
610
685
459
399
357
661
815
455
728
259
568
537
336
472
589
509
432
373
605
586
558
397
525
708
450
462
404
479
479
515
432
211
986
405
463
634
521
710
673
138
533
617
447
535
776
420
627
527
331
492
674
467
453
335
366
399
551
466
192
373
544
520
524
560
564
427
559
541
323
248
547
593
26
465
350
471
685
351
597
680
822
523
280
632
476
416
647
446
679
449
253
704
430
323
391
437
686
307
877
825
462
679
711
287
612
676
680
328
377
638
372
510
562
557
893
541
621
383
570
408
473
887
602
567
254
482
562
467
575
468
883
159
532
506
399
863
561
532
645
119
582
559
733
468
526
696
59
243
516
697
319
186
502
344
528
568
524
675
373
404
495
85
280
38
422
815
576
813
349
319
801
537
325
638
388
232
458
840
523
851
401
714
622
425
653
507
460
794
672
585
82
577
189
763
445
458
407
901
708
788
815
590
246
576
918
546
495
572
313
305
663
172
543
404
495
760
314
148
563
444
623
579
461
627
520
552
267
673
769
750
562
490
523
667
847
765
462
713
779
632
767
330
387
563
232
352
406
406
276
620
606
356
461
391
717
8
1022
678
3
501
466
910
547
417
383
540
531
454
554
524
360
571
379
678
687
488
318
254
575
213
506
553
690
612
228
347
785
368
687
370
362
367
629
193
503
551
384
563
558
289
258
233
798
734
356
252
330
519
764
595
439
549
180
546
577
576
432
514
430
582
459
571
515
429
505
930
604
592
297
643
1008
401
455
398
458
532
706
605
587
527
897
331
772
548
115
777
454
608
336
664
308
694
447
730
458
434
646
876
927
398
419
524
679
507
401
431
568
568
395
278
468
175
378
322
551
681
858
430
551
698
811
372
687
463
541
428
321
775
368
657
428
356
423
602
591
384
634
61
930
632
246
637
861
556
439
336
408
409
510
565
34
642
100
357
690
572
586
210
652
577
467
763
395
571
528
717
381
315
511
459
892
434
470
551
889
646
798
960
485
243
453
465
365
604
642
568
499
679
339
36
300
446
477
747
297
511
621
485
418
656
635
97
704
588
345
678
611
707
581
745
1003
672
103
554
320
332
506
529
834
491
681
461
524
402
515
568
927
671
386
696
437
545
503
438
333
381
547
588
674
475
804
608
630
1009
840
484
600
425
526
457
687
561
342
293
584
648
492
343
510
366
254
140
662
257
616
378
487
423
603
691
497
796
239
687
242
609
446
221
362
666
585
480
366
965
626
571
491
545
541
625
323
511
345
440
348
456
734
455
489
526
9
724
542
558
649
192
511
379
292
475
208
819
321
641
476
461
247
442
457
614
773
514
481
552
561
704
591
731
153
658
481
452
261
469
313
349
688
380
462
629
206
636
690
372
90
560
446
253
603
386
340
528
806
571
301
394
450
604
546
764
706
296
428
672
772
594
381
576
635
489
672
761
340
377
382
583
625
423
214
441
376
729
550
533
523
701
619
634
587
399
578
638
767
656
298
737
496
539
674
