8192
555
592
508
498
102
469
437
534
897
133
106
106
919
122
875
545
538
71
112
522
132
708
554
456
168
557
469
149
124
122
922
899
516
812
65
127
798
113
529
498
154
122
936
303
122
89
511
176
514
999
133
721
89
518
126
138
116
608
134
401
523
504
112
164
134
120
149
55
987
913
941
565
539
219
45
804
107
827
541
158
448
869
157
141
601
506
347
173
89
626
103
138
467
121
137
434
122
78
140
148
95
142
140
894
557
500
463
115
620
919
118
119
440
135
948
99
572
972
884
127
127
107
146
84
563
881
806
986
146
588
453
104
864
796
495
508
117
137
523
149
918
203
487
121
141
664
124
443
106
147
495
915
104
113
882
565
121
129
470
154
441
124
506
114
540
516
575
391
123
131
500
117
913
469
890
846
122
156
131
1013
920
747
127
120
114
324
101
883
523
381
131
532
850
747
280
102
127
953
495
111
107
471
954
866
124
105
877
81
579
488
89
935
170
906
848
494
594
912
101
138
511
424
948
541
140
909
245
456
568
112
286
142
146
275
879
483
13
460
561
128
906
215
526
143
891
658
138
150
85
500
172
510
956
515
875
907
534
159
125
877
918
895
917
882
581
134
964
549
85
148
388
127
863
838
422
928
501
110
177
929
117
97
453
447
912
459
896
168
891
464
899
285
497
569
616
886
380
548
326
50
108
464
455
151
539
453
564
431
149
126
470
491
513
921
813
1008
458
184
118
163
175
516
464
578
573
114
102
907
880
898
119
89
140
434
125
144
31
126
883
112
112
1018
150
144
455
953
490
116
476
918
938
448
876
870
903
122
139
525
844
410
554
911
510
586
456
467
957
151
602
144
555
452
651
117
837
569
438
613
94
104
105
145
944
482
85
414
138
135
195
496
143
515
605
360
900
933
896
897
939
168
139
896
503
565
507
214
105
824
887
131
899
468
431
901
161
547
105
319
102
523
146
891
123
461
897
576
129
185
507
481
902
150
110
343
369
157
152
863
515
95
105
139
133
98
124
124
893
102
456
117
537
124
544
99
924
844
914
613
121
120
147
614
462
119
934
486
317
490
869
566
152
127
135
864
875
793
873
150
507
401
530
144
865
473
77
137
135
151
143
877
845
345
95
589
389
463
128
159
303
125
115
453
272
523
869
111
759
476
158
554
116
97
136
95
878
559
898
138
951
154
105
500
121
911
953
487
112
561
893
546
934
643
385
283
454
896
128
711
88
566
454
551
520
840
454
137
153
905
110
561
900
875
437
142
134
903
627
874
549
941
919
910
552
144
861
916
126
725
909
119
176
523
505
938
466
203
89
122
856
464
110
112
477
222
482
569
911
488
124
112
109
128
407
900
152
527
449
376
129
138
493
853
191
915
864
988
113
141
917
567
499
454
107
491
144
497
182
578
604
872
725
173
555
585
460
753
559
133
448
91
115
122
1009
936
127
531
135
570
898
999
496
530
186
150
604
515
876
133
114
662
122
499
137
117
525
798
547
125
326
129
111
478
330
534
352
558
469
919
896
903
873
175
118
1009
965
123
81
967
11
871
86
112
165
785
721
404
110
783
541
95
176
512
557
524
138
134
741
547
98
122
488
508
153
142
615
138
496
137
496
263
457
451
111
441
183
892
465
514
886
485
144
892
971
15
43
856
906
105
544
134
124
526
531
851
547
129
912
387
128
135
895
564
94
901
464
138
125
479
107
85
892
165
529
828
121
151
508
907
465
595
285
124
445
127
473
142
919
157
541
848
848
836
96
314
114
524
949
127
534
886
930
875
908
494
527
491
136
115
138
978
927
476
529
618
659
523
882
997
876
472
523
874
294
620
97
507
223
916
925
119
877
151
492
453
492
168
128
405
924
119
523
921
178
897
477
1012
898
99
143
503
474
143
86
106
445
150
539
146
945
961
121
137
144
453
121
463
150
182
446
162
479
516
131
131
448
495
485
157
116
154
532
136
616
414
595
126
502
529
384
537
156
564
527
153
505
106
863
138
133
886
125
513
554
147
546
483
322
135
504
464
496
463
97
127
688
181
900
899
577
162
137
130
124
142
440
149
874
968
928
118
134
103
517
491
522
59
138
538
892
153
267
62
879
513
886
106
878
495
552
128
135
462
514
464
470
141
917
133
107
134
534
527
762
123
104
100
134
146
885
123
577
139
502
940
514
125
84
541
483
897
126
501
109
884
896
133
485
116
685
561
855
892
879
486
130
930
159
126
112
124
387
92
479
70
573
117
609
209
905
494
488
697
496
508
463
127
797
142
120
121
950
812
546
542
890
570
101
849
604
128
433
466
154
461
134
492
107
900
876
912
920
912
866
131
131
503
143
160
871
109
149
126
968
890
620
895
950
916
100
131
856
483
110
377
645
880
499
113
130
262
537
281
530
733
134
127
462
157
502
499
758
504
173
119
524
124
888
99
888
123
100
876
854
144
883
119
129
865
106
93
99
524
110
366
857
839
886
97
494
68
106
572
905
839
392
111
937
166
98
118
112
509
498
493
441
896
135
865
512
915
491
131
419
113
539
627
913
563
569
922
127
551
144
123
477
112
125
104
144
156
856
124
903
812
491
157
112
904
106
99
848
865
535
869
543
901
101
591
533
569
484
957
403
481
466
493
570
559
495
118
138
511
126
87
475
459
90
123
125
544
940
792
492
879
469
937
101
567
884
158
129
543
96
142
135
531
554
144
919
883
168
934
938
174
117
504
140
505
303
147
848
556
143
835
886
431
920
447
899
109
114
75
140
452
528
130
101
930
936
524
763
934
530
533
893
107
82
905
273
533
97
642
610
509
117
135
503
113
515
531
524
90
841
481
894
147
651
618
161
587
483
153
524
126
962
582
932
405
99
933
451
155
135
138
982
528
863
685
113
675
864
915
110
157
894
112
456
895
527
123
153
903
353
752
573
912
911
881
522
894
479
510
484
510
131
500
582
809
915
173
115
867
930
488
530
86
167
459
133
107
461
479
902
534
160
443
498
532
914
870
462
134
151
537
840
346
544
171
895
130
844
909
380
840
93
114
141
109
931
530
468
170
647
237
131
105
479
467
496
575
505
105
497
137
866
95
110
56
497
548
95
528
175
64
577
31
468
576
903
668
481
571
530
326
264
537
908
132
485
135
521
875
132
509
503
551
500
131
123
978
133
123
140
148
511
175
757
546
120
122
887
116
917
470
614
548
87
548
553
485
918
90
116
627
145
482
880
480
433
498
877
917
933
131
55
137
484
570
129
602
1001
106
133
97
472
912
132
529
521
589
119
533
439
464
109
111
164
501
865
495
870
382
15
910
477
915
85
433
90
485
106
156
504
111
85
890
145
826
161
94
627
122
924
883
881
800
528
521
884
929
569
538
104
921
899
185
473
121
141
143
165
548
525
650
146
93
747
480
105
116
154
757
452
129
487
130
571
130
477
140
775
498
450
106
917
130
575
145
128
898
129
82
733
862
154
721
117
520
935
106
437
431
116
828
926
566
886
761
118
912
858
590
499
427
433
881
608
138
119
173
547
426
481
170
574
232
906
892
158
353
520
525
227
129
106
564
905
102
577
518
548
114
906
933
135
145
110
1007
863
556
108
154
613
913
986
227
507
543
132
480
160
46
149
901
487
129
151
444
887
126
439
472
675
477
150
115
534
371
156
844
164
523
531
555
86
711
536
101
123
983
902
937
926
922
381
129
115
602
124
469
473
225
114
406
126
140
138
119
853
497
134
137
867
143
475
160
503
541
109
506
83
108
481
429
500
439
156
866
1024
121
103
120
153
163
131
141
962
864
904
122
116
928
134
145
789
111
454
932
574
81
912
934
168
502
528
266
515
521
534
498
431
133
109
135
145
200
88
565
910
909
382
103
135
129
554
131
151
132
870
927
496
343
923
478
519
154
931
136
481
113
388
90
633
234
118
119
111
154
918
915
170
156
147
814
893
437
510
128
522
180
485
443
45
559
550
130
560
676
478
174
110
874
538
152
671
808
114
991
615
3
675
113
350
112
823
607
140
91
925
865
896
431
116
891
427
118
551
492
870
545
160
910
510
877
906
618
914
130
343
923
474
477
114
549
435
336
540
128
957
503
115
903
613
890
813
91
485
139
126
538
907
867
151
572
524
110
494
135
600
880
454
856
124
122
182
111
89
505
97
455
118
851
717
93
205
107
581
522
26
479
562
912
121
463
167
1021
153
930
126
151
651
474
296
892
547
876
588
175
101
75
126
869
498
499
111
848
843
888
123
560
147
552
450
146
55
882
260
122
775
504
503
116
767
517
112
909
114
114
592
106
576
485
478
118
426
125
97
382
172
474
107
872
501
473
477
538
115
48
973
133
446
838
836
128
552
538
969
142
129
550
597
538
105
897
890
120
522
774
740
115
8
879
866
446
137
40
136
893
531
505
127
966
96
77
142
725
927
99
537
539
129
886
921
917
477
393
261
930
96
128
459
152
495
527
368
483
582
552
959
119
458
911
917
462
145
484
815
494
869
355
119
950
502
533
102
853
482
145
1016
482
136
544
631
867
120
119
610
131
884
900
957
932
461
142
93
136
858
549
855
122
472
116
930
458
121
495
522
114
481
128
121
446
521
817
147
106
557
474
147
114
569
741
88
570
873
440
525
886
127
873
106
292
131
933
547
931
591
577
98
99
474
532
928
96
139
114
126
72
906
121
131
519
600
926
917
278
145
154
138
978
903
561
935
160
627
491
136
126
159
103
118
99
916
606
897
473
125
522
947
508
999
916
84
485
490
305
115
538
561
88
100
453
798
100
159
502
324
129
148
150
132
139
118
770
152
159
884
138
573
945
540
153
121
536
886
906
914
783
537
589
127
130
532
521
497
151
146
479
137
344
893
511
123
889
493
649
472
551
543
255
882
483
177
787
138
146
87
275
909
498
454
892
497
821
945
486
504
5
354
121
508
500
153
479
928
920
138
502
538
855
110
880
119
875
537
467
131
350
333
556
124
917
606
168
133
132
193
310
98
538
898
401
561
158
164
74
980
458
118
533
110
686
162
968
117
970
865
527
460
863
154
105
973
113
875
671
579
252
150
881
842
446
114
577
840
471
112
496
853
890
882
855
267
158
551
93
114
827
500
556
526
925
124
508
738
137
842
438
103
125
890
166
138
132
105
555
100
107
585
536
142
130
128
100
135
124
918
373
1000
468
776
94
108
146
947
924
494
475
705
94
513
861
932
565
457
853
627
188
871
166
120
101
167
873
547
180
565
569
135
523
542
103
956
516
54
484
180
508
75
126
463
484
115
400
108
426
212
531
39
152
585
111
928
455
102
158
175
908
549
581
733
475
146
114
514
138
459
94
145
107
883
537
174
567
908
1011
939
155
154
103
113
136
463
111
443
134
671
215
567
302
92
463
502
112
503
619
167
534
457
474
546
492
120
508
554
127
572
536
593
572
760
445
526
425
54
511
568
895
877
135
157
115
690
907
508
448
529
589
68
901
147
245
645
860
145
251
511
143
125
163
173
1007
433
120
145
639
848
755
130
624
304
303
130
91
123
941
499
95
531
558
486
964
916
593
107
925
127
626
138
156
110
497
560
883
101
509
165
565
122
575
726
88
893
879
486
521
512
108
859
135
904
552
283
493
156
163
113
558
868
519
162
884
124
843
838
567
522
147
152
557
859
252
526
891
86
128
488
517
945
881
178
168
561
439
95
178
541
516
913
116
132
744
901
135
896
661
120
146
141
921
486
149
404
473
132
913
423
530
941
132
707
431
123
149
145
479
502
118
114
907
133
73
856
963
876
580
505
871
442
115
485
131
914
565
642
898
485
103
147
844
115
455
97
154
494
521
132
481
128
497
123
106
97
114
589
464
877
145
501
171
73
130
107
109
713
549
838
711
120
106
120
532
136
155
604
130
479
548
496
145
126
887
551
927
464
812
737
358
91
689
7
137
482
126
526
501
536
912
487
946
883
145
523
907
860
870
752
507
541
643
157
126
830
114
365
926
940
92
512
890
918
461
514
891
136
446
119
876
594
849
935
105
542
560
437
516
509
449
158
83
296
912
652
157
902
455
896
514
122
885
537
140
516
509
471
140
147
147
143
833
108
470
415
839
167
157
144
125
13
131
886
505
460
134
517
457
120
545
218
153
292
482
97
515
94
748
634
490
588
131
887
705
29
461
549
801
463
108
461
897
533
134
499
916
124
537
903
99
123
891
859
68
129
116
92
117
506
107
136
346
100
90
986
581
1010
572
136
127
135
107
909
509
552
130
562
714
113
91
477
99
841
117
694
872
752
552
313
161
787
907
660
559
109
144
435
439
127
138
519
141
103
747
105
128
424
524
103
915
904
797
125
98
150
528
880
889
114
482
139
105
452
109
184
111
885
540
114
99
555
134
236
854
931
789
202
494
53
107
549
17
899
112
487
524
116
921
109
132
123
135
131
519
121
146
102
454
501
121
550
498
881
135
542
154
399
117
451
158
115
565
104
573
542
130
893
142
586
138
132
117
108
998
504
601
178
112
135
983
103
135
153
533
519
170
511
462
93
146
147
870
535
946
471
558
115
160
414
569
525
648
409
80
115
135
115
151
89
503
132
57
479
492
580
142
83
459
114
128
175
146
99
538
865
107
98
165
104
474
125
154
144
117
918
109
163
107
122
880
818
521
903
74
544
530
639
932
609
579
164
104
127
149
114
110
109
119
144
528
566
874
344
237
177
145
110
38
902
756
883
132
532
744
451
129
543
142
632
882
134
536
821
462
482
901
496
791
154
174
871
186
540
116
751
362
139
916
156
120
96
116
862
875
159
160
120
124
675
942
490
857
183
902
135
519
985
102
628
441
134
927
446
549
108
917
816
106
523
573
652
929
732
97
565
165
875
149
99
406
736
499
886
593
488
470
1022
512
115
90
110
839
511
543
108
158
58
525
459
317
389
298
97
185
103
518
547
85
181
562
550
127
443
345
113
147
96
486
451
909
575
527
568
129
95
437
886
484
138
119
209
125
173
510
123
895
518
664
538
573
2
134
84
459
530
533
113
103
173
386
197
433
76
935
908
120
548
65
135
159
712
143
115
484
77
550
900
270
467
127
123
104
134
136
441
111
605
153
485
996
113
618
108
547
112
712
509
542
239
133
439
748
312
121
463
506
466
416
914
550
141
138
569
172
152
486
147
530
131
110
891
505
524
831
97
586
864
140
535
493
138
927
538
169
156
579
920
143
148
144
887
122
98
460
467
108
128
580
530
930
488
100
109
139
121
506
520
105
167
930
26
594
108
615
569
158
449
951
909
99
129
98
708
572
470
533
802
133
426
590
144
938
288
129
117
143
587
132
110
970
118
502
545
970
530
118
761
145
464
114
162
82
497
192
113
106
143
888
871
152
134
676
509
536
917
571
512
128
134
339
571
176
453
529
524
479
490
140
16
556
867
130
485
553
538
103
509
829
894
915
870
436
120
922
653
121
527
583
116
532
123
129
556
167
159
983
512
111
136
283
116
842
168
798
466
882
858
154
440
912
145
850
488
150
147
769
141
140
171
190
106
121
310
159
86
88
522
438
141
465
141
537
559
172
928
140
822
846
917
569
496
899
101
135
125
554
143
489
352
884
936
886
563
95
201
126
543
558
101
532
529
925
138
541
912
127
546
157
472
531
944
94
508
50
442
102
474
176
910
918
450
580
437
409
143
489
550
564
499
859
515
510
130
599
79
879
585
480
125
489
465
161
486
103
147
891
492
741
626
889
814
437
202
588
123
161
122
130
332
109
130
920
897
149
101
599
598
766
148
113
856
84
861
778
129
521
530
132
489
582
795
254
573
112
501
957
425
461
928
262
847
811
446
880
493
150
113
995
142
112
891
149
137
127
108
140
98
772
911
123
118
875
961
93
100
170
112
122
75
530
522
521
379
149
118
123
86
76
56
918
47
305
500
124
99
542
124
488
502
886
452
132
30
440
159
119
95
558
614
918
917
525
558
984
146
896
158
494
496
876
123
155
560
335
113
917
879
383
92
527
293
560
869
485
120
173
124
517
101
131
469
133
401
499
903
141
116
601
135
878
116
100
96
115
118
116
987
946
487
522
499
477
111
115
534
110
168
869
491
867
499
132
538
941
144
840
457
850
888
119
487
483
125
207
521
573
151
525
111
200
668
597
110
903
151
666
84
168
86
491
109
886
542
130
874
503
888
133
549
122
342
564
925
454
480
603
984
529
471
566
588
480
480
508
582
876
894
872
135
137
487
149
897
887
504
169
516
839
612
105
65
329
127
113
170
148
555
886
95
149
167
172
878
161
527
467
148
540
508
555
550
1008
116
138
910
552
478
127
415
159
122
136
101
594
150
531
137
291
63
108
107
163
134
989
114
139
470
132
115
611
528
423
104
890
373
96
146
421
75
634
138
912
133
453
618
424
422
151
563
118
156
111
81
115
125
469
142
439
150
89
973
138
88
477
524
445
895
103
802
118
255
467
489
873
155
519
139
189
98
552
131
439
557
103
142
112
479
487
903
532
549
503
476
172
502
463
240
130
122
455
41
886
770
204
172
146
947
138
524
107
118
118
97
493
485
520
541
157
897
123
143
135
792
114
136
91
168
914
484
110
81
580
903
717
278
156
84
128
141
562
122
129
475
906
476
921
446
485
9
109
557
480
605
142
311
869
516
106
99
895
924
567
581
462
143
877
882
546
130
477
921
533
953
888
136
470
431
533
112
113
501
512
424
606
94
855
545
123
492
115
479
446
919
588
109
146
439
896
135
492
504
133
455
555
484
172
139
882
170
32
896
873
143
112
550
156
439
459
89
395
131
470
551
442
487
549
557
131
250
608
34
110
919
133
149
898
133
172
140
1020
872
512
592
891
101
933
115
895
463
112
136
552
146
156
503
574
920
597
119
128
240
867
595
127
134
130
487
100
523
583
115
692
156
854
105
440
457
935
140
875
164
910
108
403
123
497
139
520
948
134
470
146
153
1009
933
143
2
91
920
540
516
179
560
554
617
81
470
65
864
144
134
496
548
896
611
153
544
117
123
89
100
886
569
642
545
538
132
901
902
488
123
566
418
491
135
198
125
112
68
467
122
519
956
162
973
502
563
201
884
859
472
440
136
592
942
500
526
130
610
440
32
131
127
108
107
855
212
146
514
232
133
134
115
125
596
148
517
115
238
910
138
890
212
592
120
515
126
602
501
35
590
138
1004
166
395
678
924
493
887
957
121
128
94
820
440
910
500
561
94
134
86
142
537
596
515
985
108
161
13
152
467
677
160
90
520
172
687
530
498
453
135
149
154
537
131
93
733
170
913
182
502
123
298
122
455
755
82
878
125
650
483
124
899
915
99
523
542
815
479
127
129
170
849
513
525
536
908
130
480
109
271
118
742
606
110
117
868
180
869
945
470
935
120
894
89
885
582
139
140
630
878
711
326
485
110
931
588
149
406
120
119
492
254
939
498
489
129
551
484
195
426
131
835
598
504
715
151
155
99
201
139
470
146
526
450
562
117
947
901
947
541
571
161
477
112
125
469
116
439
469
156
108
111
160
134
83
134
491
897
125
119
409
571
540
418
491
546
930
931
579
152
114
459
828
720
120
115
885
149
565
543
904
922
115
444
492
504
527
568
102
120
562
988
134
122
564
555
111
920
473
527
918
120
125
497
124
840
115
166
494
893
135
866
536
881
1010
129
99
916
332
112
884
182
93
658
123
960
115
840
107
898
116
121
929
498
944
129
102
498
369
160
355
122
480
107
141
146
107
516
131
904
826
241
601
150
128
95
631
439
133
173
1015
238
448
337
137
347
854
135
895
557
504
95
909
910
131
7
178
526
523
186
145
980
519
118
98
461
153
510
141
556
417
893
142
515
619
119
161
416
633
100
868
142
117
150
883
92
423
891
122
148
113
111
506
577
821
459
551
859
476
455
504
941
444
438
514
666
429
955
484
865
915
943
514
127
441
503
752
128
110
521
149
903
867
114
450
887
884
114
289
525
870
485
135
93
500
124
147
138
894
488
801
544
129
529
561
489
594
861
123
491
71
902
538
141
283
159
117
850
842
897
128
113
179
162
106
592
109
148
266
172
101
604
591
554
934
530
169
437
289
899
941
640
290
97
127
552
174
491
108
110
503
418
584
830
160
189
116
938
147
152
120
160
862
161
889
121
566
117
730
93
885
466
314
527
748
345
120
113
107
90
445
476
904
118
388
253
492
588
102
508
135
532
149
853
919
504
882
585
44
149
99
465
1
475
140
96
177
155
497
926
123
614
407
960
125
537
455
897
377
467
163
93
108
67
139
188
123
475
392
519
164
136
116
731
483
804
518
495
612
129
164
274
865
549
171
488
76
142
120
154
556
584
162
616
447
503
470
440
525
873
562
126
461
115
901
96
887
513
295
133
166
896
93
865
895
913
170
112
545
501
694
479
937
137
537
469
515
163
928
528
501
888
583
171
131
494
292
95
507
140
868
132
99
657
166
589
110
933
485
117
485
539
64
514
138
115
131
120
497
657
986
604
114
133
137
558
509
103
118
663
121
135
474
507
937
60
883
130
433
110
495
120
498
927
163
461
897
138
75
624
867
85
557
120
288
433
5
574
146
119
838
491
115
125
116
461
133
546
106
488
931
904
558
242
128
95
148
84
456
96
477
690
548
151
790
606
121
483
562
544
153
125
91
458
466
471
914
163
131
87
117
909
133
516
478
463
106
528
127
933
113
163
142
90
929
171
582
161
535
553
94
109
852
543
115
495
866
166
139
480
498
503
100
507
145
852
672
531
424
502
893
478
316
93
153
273
156
128
122
919
880
132
896
920
652
897
657
118
869
123
133
930
940
116
355
438
137
904
511
141
130
563
152
523
147
444
378
143
121
128
599
110
131
913
463
860
497
124
517
594
544
487
120
474
169
200
573
478
119
435
442
613
549
919
772
475
490
478
924
172
907
326
522
963
167
551
261
531
1020
156
879
836
331
515
128
93
153
120
422
576
110
100
136
537
493
573
160
558
494
934
528
482
461
540
513
509
906
170
844
948
163
755
564
116
140
125
862
144
506
611
994
139
641
460
187
103
488
139
365
340
159
573
405
862
920
881
128
1024
119
532
111
590
104
745
103
989
921
577
99
397
485
536
876
349
124
603
257
859
451
82
573
139
846
124
485
98
42
488
466
125
176
547
541
110
956
85
133
154
474
160
909
106
165
131
116
141
491
147
117
892
518
139
866
154
582
807
488
847
359
139
511
123
905
494
517
491
520
56
171
673
802
36
128
424
311
901
115
466
453
152
491
495
457
534
986
660
126
487
112
567
113
499
626
116
158
928
137
856
485
116
477
494
541
904
500
924
121
134
426
932
140
914
689
465
61
148
540
135
123
854
126
122
578
514
904
263
144
936
498
295
855
128
128
128
973
887
542
570
146
79
877
930
471
560
543
473
121
499
495
838
871
6
125
90
848
971
136
885
470
219
886
157
138
934
122
790
493
502
126
150
507
405
137
163
842
458
123
845
157
896
496
882
892
450
118
113
159
911
939
74
195
512
920
550
957
100
281
458
570
263
901
906
156
851
475
849
501
125
176
322
548
495
102
141
118
439
515
94
126
94
923
552
502
413
146
1007
916
478
630
136
887
764
174
864
466
919
146
897
760
551
622
98
416
521
116
925
501
149
110
875
108
91
494
634
117
933
159
746
510
516
780
880
601
109
880
471
872
162
864
962
137
439
729
101
566
175
114
343
903
528
512
872
132
347
134
524
156
28
141
896
536
133
111
894
140
81
59
906
114
103
82
139
77
903
112
105
476
351
135
870
145
426
138
127
160
507
898
912
628
909
85
139
197
909
908
138
140
161
124
302
895
629
140
717
453
107
936
797
86
159
494
159
139
522
80
566
444
776
549
113
287
153
408
115
542
470
474
388
117
911
150
550
502
479
122
547
503
117
127
400
875
129
905
120
424
403
525
900
74
935
871
456
416
286
126
171
888
175
136
490
420
986
520
147
519
909
172
161
81
620
574
415
900
182
421
168
134
951
472
340
890
144
938
891
207
108
670
743
476
786
422
575
270
622
216
187
907
181
567
457
130
136
145
138
873
139
101
935
126
147
103
129
836
534
106
128
825
1024
590
968
879
23
470
166
812
771
1012
523
866
805
515
461
120
892
128
102
1016
371
453
871
131
147
164
102
150
972
104
651
143
84
621
523
527
111
500
494
575
376
131
111
152
150
153
275
534
144
967
139
77
119
551
833
22
121
473
994
116
126
540
326
127
903
480
921
138
583
234
91
920
104
69
498
467
488
901
145
935
243
498
103
880
885
157
132
119
205
117
784
900
597
131
466
97
512
160
138
529
504
516
412
554
699
639
120
555
566
960
109
534
642
478
558
95
71
102
130
878
911
133
122
107
564
235
509
717
480
483
118
898
515
183
121
694
808
386
183
113
555
425
126
511
591
901
900
116
902
873
847
103
110
879
845
469
439
546
148
395
929
855
96
566
142
138
161
468
597
545
157
105
129
525
864
482
721
303
485
126
112
870
362
546
133
147
545
924
449
148
878
452
881
102
568
123
501
1
487
899
91
682
512
527
140
132
1007
105
460
114
137
899
461
482
879
145
233
203
472
868
446
858
102
497
425
449
127
155
539
484
613
285
528
133
915
148
117
902
465
793
619
917
61
531
188
923
113
558
198
907
528
439
150
305
901
141
429
166
108
645
558
131
456
97
471
177
514
521
143
488
101
152
160
143
489
115
534
92
404
140
431
578
136
453
474
120
563
136
472
412
957
896
501
136
861
866
147
109
407
136
502
852
885
442
988
128
997
75
845
28
137
102
921
481
128
397
135
584
420
151
406
577
860
550
561
137
145
90
180
532
7
960
731
134
136
529
456
871
152
111
177
467
807
47
619
140
916
557
608
361
592
859
162
900
453
454
561
866
545
108
493
131
1014
607
542
629
178
181
931
681
267
580
166
155
861
896
131
555
864
159
817
576
923
527
647
515
508
512
157
166
566
161
348
124
793
956
969
189
87
88
596
904
110
496
890
471
353
528
868
606
483
939
522
560
174
917
527
151
91
108
909
125
481
291
682
61
528
104
92
447
122
913
37
859
56
960
142
161
555
859
112
107
147
159
113
90
493
490
4
153
171
157
162
466
576
135
512
880
480
887
151
116
588
153
103
108
791
131
578
98
187
632
804
870
497
130
466
506
128
524
909
491
108
341
169
63
141
459
869
173
91
906
903
406
880
167
105
925
446
466
574
150
532
73
139
146
573
445
384
467
502
117
333
162
468
521
886
910
114
895
105
824
497
669
891
524
151
117
509
174
179
104
985
525
598
419
909
125
699
132
513
557
412
495
115
536
507
533
337
1006
123
150
401
612
128
142
132
982
501
381
135
875
882
122
147
907
922
147
189
131
935
546
574
525
497
105
327
590
178
136
162
103
525
557
557
499
131
511
915
876
305
119
121
106
914
537
132
90
144
92
146
131
454
384
151
924
435
121
125
112
874
106
535
533
140
506
605
103
572
509
585
861
542
857
485
849
464
943
604
115
115
206
133
501
855
611
112
479
919
162
883
503
125
472
126
382
520
640
599
543
503
140
240
489
587
905
963
634
607
515
162
162
690
416
469
478
903
325
703
106
900
134
535
247
130
98
478
464
175
124
163
598
928
93
393
247
524
519
526
903
459
502
107
120
156
606
680
551
879
250
150
567
912
110
354
278
133
507
214
547
503
77
128
954
918
924
893
114
158
533
308
505
566
456
132
58
105
131
800
557
162
859
138
96
532
828
462
489
546
943
464
416
117
111
236
384
549
868
519
952
914
113
858
100
121
111
936
520
528
148
141
555
100
640
876
917
924
863
864
503
507
515
481
490
115
565
123
115
527
144
417
136
844
19
81
138
644
453
129
113
526
551
453
167
476
499
135
928
937
907
123
917
25
501
865
125
440
375
898
139
777
127
141
166
426
539
569
596
159
314
125
124
530
149
118
157
517
858
117
116
489
427
464
891
146
939
941
127
470
522
886
519
917
134
31
612
148
131
106
111
123
136
162
485
84
125
137
854
508
871
125
400
485
135
123
136
939
132
505
140
717
104
533
80
499
538
1017
885
137
886
209
537
165
706
479
892
535
147
10
716
444
698
601
602
518
808
122
519
92
99
146
137
109
836
80
124
118
708
128
514
441
112
434
559
314
545
105
143
159
915
159
548
799
143
99
521
135
101
957
472
482
476
98
161
147
109
561
851
528
397
109
860
501
873
937
925
536
153
303
103
151
140
139
863
970
516
62
495
889
790
447
123
843
923
175
97
458
495
505
352
18
877
102
475
291
578
823
425
588
880
522
508
923
150
142
132
109
577
535
875
540
468
905
150
512
761
154
427
534
937
12
162
467
514
115
729
149
933
542
895
528
927
128
436
103
44
985
130
119
654
118
128
890
465
138
61
940
129
464
861
95
558
933
933
150
602
120
288
904
120
904
886
526
849
459
523
110
112
548
936
832
923
110
479
522
136
78
526
503
569
152
94
225
463
506
77
868
556
475
134
140
138
905
993
886
491
143
140
134
882
437
952
840
131
472
227
162
893
172
482
536
135
909
102
935
899
468
259
122
884
148
106
175
553
464
127
153
470
126
146
161
857
633
103
478
62
198
95
116
147
450
911
566
497
433
212
649
111
862
295
124
113
871
151
867
476
267
494
913
145
141
137
121
154
854
642
480
917
120
921
160
143
141
506
135
901
698
862
132
900
120
851
501
498
998
361
151
872
142
449
888
123
510
135
140
116
152
823
787
858
471
1023
116
557
138
393
560
79
126
985
119
506
125
148
506
95
467
135
111
867
863
617
116
870
488
462
161
111
522
156
128
137
933
543
132
525
158
133
84
144
885
612
545
161
589
859
547
903
571
52
559
916
483
170
162
519
892
106
534
495
135
888
208
476
378
537
558
933
873
596
913
76
133
477
158
947
461
495
443
852
113
139
531
518
473
109
529
141
157
131
679
501
146
110
174
135
473
485
564
164
566
109
637
139
533
145
105
125
109
510
493
933
673
11
444
463
143
136
364
447
530
536
421
577
140
152
877
842
114
85
763
537
141
945
101
507
105
455
120
511
774
185
724
111
900
113
310
349
736
216
137
991
175
515
209
938
133
160
105
752
150
129
908
118
199
159
137
123
919
6
115
125
537
900
143
445
302
947
256
142
476
866
116
892
84
485
136
583
563
109
487
785
784
923
127
120
872
488
146
544
555
528
501
845
481
935
109
165
203
505
938
885
586
479
90
907
410
584
429
133
111
531
899
861
193
130
875
514
237
904
909
128
454
895
946
570
107
914
488
921
815
512
565
120
158
160
150
450
110
547
79
560
925
117
970
111
63
144
159
90
537
84
160
551
74
541
142
531
135
720
96
502
829
528
148
135
52
468
717
449
882
132
519
120
867
583
551
914
428
923
612
162
471
132
877
825
116
590
514
132
415
401
830
144
464
139
535
630
129
71
656
581
546
130
480
130
217
114
895
147
481
449
548
65
127
855
115
121
177
127
127
892
449
134
891
103
500
535
896
519
454
134
498
513
152
99
157
930
79
886
843
551
866
881
956
128
523
162
551
894
492
118
959
80
114
97
447
186
520
110
408
442
877
374
583
470
872
407
491
298
256
86
511
534
115
874
949
108
92
903
356
195
153
143
112
172
177
512
601
27
512
174
493
349
159
146
912
841
480
149
143
147
114
569
83
123
379
126
534
161
392
118
449
116
93
543
468
152
90
463
940
136
120
806
498
761
135
106
575
424
508
569
112
785
547
872
515
105
563
490
124
142
577
133
463
115
366
126
498
143
110
142
176
933
998
124
501
157
6
108
532
111
159
85
519
533
903
675
676
872
573
60
298
641
570
189
873
654
945
554
739
532
436
904
833
866
110
134
385
893
124
946
499
872
127
473
884
116
558
504
522
150
835
150
142
147
168
767
410
511
856
507
562
238
917
160
130
904
634
97
876
142
937
672
478
398
926
140
864
546
80
458
109
102
893
502
862
440
493
140
893
505
473
535
183
974
107
892
543
139
856
917
141
861
136
167
125
484
504
618
867
104
902
132
652
119
497
830
241
148
471
949
86
292
482
168
129
503
527
881
737
136
508
131
154
473
113
863
475
498
154
425
140
302
584
956
834
149
916
91
889
754
424
466
928
114
523
864
86
521
431
158
610
700
101
521
116
130
385
899
129
100
880
478
906
907
547
879
530
540
912
973
153
136
140
903
425
672
118
137
492
578
540
854
497
501
148
150
120
648
421
172
879
488
115
894
514
103
983
99
322
458
105
542
316
879
553
478
131
128
994
136
443
808
524
154
873
859
559
546
125
441
383
101
593
129
119
132
547
599
452
880
102
712
469
319
131
150
579
853
499
124
142
494
555
37
528
123
97
534
190
889
133
122
569
669
122
165
139
65
134
107
144
463
117
107
157
1
538
123
492
141
453
572
902
403
132
108
92
521
152
535
489
618
551
539
594
126
122
470
135
918
105
123
158
852
81
1018
629
124
131
523
120
115
500
592
952
561
912
723
901
892
23
151
262
100
862
124
543
608
133
150
75
100
120
459
105
118
888
475
129
486
551
887
527
571
131
911
149
151
526
587
112
404
895
935
893
127
177
93
122
600
919
147
144
553
419
571
526
854
847
547
898
626
673
896
811
455
569
869
497
514
505
502
148
137
854
130
913
150
846
522
510
895
896
560
130
343
116
113
99
131
607
512
443
918
103
605
162
145
898
918
134
531
98
540
100
193
899
936
532
170
150
511
166
673
82
930
484
102
421
99
533
73
123
599
139
101
86
867
502
951
493
631
156
621
943
125
145
920
536
849
564
646
160
494
114
168
509
554
878
142
958
965
535
122
143
535
980
573
142
925
90
799
261
144
599
115
485
119
502
911
156
134
156
842
870
103
108
440
149
443
519
129
456
914
895
153
530
121
476
116
467
650
593
229
566
67
152
926
137
331
133
843
588
516
875
119
892
330
160
131
1003
306
499
908
224
897
163
483
78
109
880
102
99
415
573
378
107
136
775
483
142
304
505
458
123
119
76
668
525
135
547
479
191
504
140
155
517
107
132
845
1009
626
890
511
313
500
571
561
111
647
97
526
89
558
833
463
121
604
138
49
523
97
186
499
564
133
160
556
524
176
871
174
855
74
905
458
115
100
187
647
127
484
899
152
644
591
588
577
516
799
116
118
171
128
437
140
840
113
138
450
822
164
865
654
452
114
112
465
534
515
168
570
873
132
484
134
896
507
129
107
209
402
952
153
468
529
92
121
858
106
179
495
888
575
115
142
594
556
109
128
443
909
432
449
129
141
102
561
463
104
459
619
171
13
169
720
356
132
358
108
522
958
488
445
495
500
170
356
85
887
508
876
779
97
479
166
115
94
526
546
186
65
157
117
110
908
914
483
144
649
298
535
154
923
507
918
133
446
527
847
104
781
521
574
101
857
497
583
870
102
317
112
848
113
461
134
481
895
539
547
975
468
137
124
114
111
907
123
86
535
563
185
890
139
119
455
143
138
841
408
138
90
143
115
486
151
135
82
541
114
931
70
67
117
509
453
140
547
516
462
564
806
165
138
457
432
554
97
865
7
467
486
288
607
407
134
259
147
76
629
452
544
332
868
878
438
35
585
97
573
325
114
105
177
136
223
537
926
530
130
468
679
554
418
921
141
133
123
525
130
492
254
100
852
483
422
299
416
508
103
120
650
506
539
528
156
469
307
152
147
854
138
138
171
588
486
172
170
146
127
927
501
126
517
525
127
109
114
196
140
499
548
119
108
912
608
108
456
633
572
115
872
132
764
512
453
91
494
149
602
932
505
128
159
436
179
163
160
91
91
571
515
152
272
512
582
140
929
887
550
97
544
139
944
143
745
477
83
187
120
149
988
75
870
558
521
477
459
562
124
480
521
490
178
115
149
111
521
89
176
601
577
433
275
576
634
120
142
583
557
110
487
435
943
109
99
169
151
147
843
138
474
169
434
106
511
86
896
489
149
107
525
88
515
561
393
867
970
148
122
869
653
436
139
242
159
943
134
936
566
134
935
879
484
462
475
159
140
479
833
120
170
1013
864
160
926
552
53
239
688
350
110
504
853
105
99
82
543
469
491
522
953
489
875
610
909
134
524
482
692
99
135
545
561
490
891
645
611
487
136
513
428
552
122
943
146
528
551
465
954
514
105
540
560
959
112
101
57
740
536
918
553
465
889
531
534
141
563
319
86
948
567
129
157
133
535
118
506
133
470
877
123
276
882
11
914
484
988
464
923
872
183
454
105
155
914
119
882
98
730
144
11
466
148
130
150
128
932
912
90
457
869
139
481
871
305
905
906
270
153
147
502
446
422
125
104
133
19
514
508
122
99
832
609
143
472
134
607
158
954
125
136
101
944
379
400
922
925
665
155
468
909
143
119
930
97
871
941
56
557
891
151
130
142
522
596
152
841
110
150
146
531
540
607
479
172
556
444
868
914
879
888
515
917
905
130
575
112
121
129
615
900
509
145
128
125
122
869
117
657
125
510
898
100
854
537
41
880
375
139
156
126
959
726
