8192
72
30
15
967
749
41
14
98
78
4
911
64
27
348
68
395
16
62
70
88
580
660
682
12
833
78
262
10
17
87
487
96
33
503
56
226
28
94
85
755
377
80
79
49
25
61
673
877
810
874
30
41
21
86
48
446
51
55
445
35
72
45
62
82
82
28
48
93
57
5
101
85
494
79
402
818
61
15
190
42
80
95
244
80
11
42
95
431
64
943
30
245
50
50
216
725
55
5
546
12
1
49
254
4
53
56
72
303
306
991
8
380
29
33
8
21
78
386
14
47
939
84
47
20
94
88
684
33
54
972
92
860
93
78
39
206
8
89
22
62
72
19
387
25
128
94
69
7
37
276
93
68
621
50
58
91
903
179
79
29
19
35
11
197
410
155
91
30
131
319
163
718
122
9
702
960
122
549
780
48
752
12
82
63
972
5
89
31
531
367
22
41
1004
57
92
128
6
61
89
38
77
725
498
65
50
70
78
91
74
93
16
63
20
75
82
82
12
23
95
22
83
94
77
42
438
36
35
87
47
2
83
52
33
68
1
43
28
860
48
31
15
2
753
278
384
47
87
539
941
68
66
70
674
80
227
25
820
94
225
41
774
85
64
120
818
376
86
96
53
55
93
25
250
42
20
64
19
13
471
1
77
201
8
37
38
7
46
3
48
20
52
343
935
94
543
338
55
9
1017
55
49
38
18
163
15
91
910
51
26
64
429
15
14
92
46
81
29
35
560
87
869
57
96
6
14
38
64
66
421
51
95
80
57
85
198
28
395
528
845
30
38
82
938
18
20
898
15
764
33
39
67
137
63
1010
476
31
48
216
450
61
623
20
84
18
82
50
6
52
809
88
45
44
462
66
290
77
16
86
27
18
81
425
47
17
46
170
49
95
79
42
152
35
26
61
54
16
66
51
62
430
27
93
51
725
364
59
35
88
85
883
91
158
66
387
13
33
86
45
359
573
9
57
236
21
386
52
67
39
853
55
3
362
67
120
77
51
1018
50
1
868
70
45
23
31
738
462
1000
90
31
90
554
59
92
591
891
74
81
14
195
41
55
794
76
524
44
21
372
387
29
5
9
17
479
755
25
48
35
56
92
181
31
997
20
10
807
68
74
94
8
4
21
34
43
921
535
955
26
15
49
32
16
49
22
31
85
91
238
42
92
94
62
96
80
36
90
96
43
29
29
343
76
470
312
658
85
71
3
374
71
141
535
66
704
86
46
22
34
32
68
61
366
89
43
569
997
10
57
699
49
492
67
39
44
733
94
66
51
449
2
10
6
538
62
2
173
757
246
63
302
22
42
23
75
33
44
1
59
54
24
55
88
35
104
407
37
57
28
917
769
394
79
112
21
29
799
88
74
746
81
914
52
82
883
44
883
587
66
31
29
673
92
85
79
96
834
6
36
843
16
72
16
94
506
574
74
353
30
53
23
70
491
45
21
180
532
252
100
27
58
45
78
5
52
341
141
31
86
60
249
982
274
753
12
88
77
38
47
154
7
53
753
753
7
21
62
532
6
45
28
11
37
48
995
514
876
95
983
66
44
67
53
94
384
739
14
89
47
7
53
79
587
19
12
29
91
40
972
17
14
7
188
11
68
173
35
56
311
53
4
52
4
21
256
608
86
439
241
42
85
44
993
74
88
882
35
868
78
37
35
60
610
17
87
54
6
217
67
56
271
445
48
37
645
13
57
42
40
60
31
74
69
253
503
37
143
430
73
8
36
24
904
93
61
191
38
12
20
8
93
77
48
7
90
94
367
50
14
52
96
16
91
6
570
968
25
372
82
24
23
5
84
11
14
51
871
18
148
48
87
115
20
472
7
1
67
42
66
80
54
96
206
64
59
30
76
743
733
17
61
24
50
25
50
19
41
953
89
91
647
794
55
431
29
83
91
59
20
417
988
27
666
85
577
94
74
51
89
84
71
72
67
27
90
211
94
27
78
52
51
791
88
20
424
785
92
90
41
64
54
15
504
974
10
10
393
131
944
880
77
397
89
28
857
95
332
77
20
41
78
72
36
55
742
73
90
644
30
27
625
78
76
10
44
489
92
699
83
33
24
42
37
77
904
556
596
792
44
12
398
31
65
62
31
40
35
31
352
189
361
79
33
6
88
457
92
30
336
47
52
49
777
33
93
92
18
6
10
779
788
96
68
22
9
60
63
76
28
308
679
57
49
87
66
77
27
4
30
81
466
716
59
12
78
680
4
390
19
957
973
258
540
48
63
824
606
1009
92
89
58
52
581
383
38
546
68
21
75
10
6
321
8
748
76
82
406
76
30
516
15
948
32
87
19
290
80
31
91
31
64
58
94
7
382
282
513
90
31
4
510
13
16
39
751
90
16
7
780
340
4
204
38
73
14
48
75
54
31
44
29
91
944
61
81
57
776
70
96
636
21
670
34
354
101
231
71
24
61
21
8
360
33
665
31
568
684
91
24
95
79
17
295
325
77
87
22
31
315
85
62
34
11
37
91
5
68
27
77
63
9
950
94
78
33
43
883
81
95
69
575
45
505
910
2
9
29
47
68
10
33
56
197
73
58
84
69
187
90
40
304
75
110
78
7
28
89
90
3
84
58
82
595
809
23
5
89
94
91
827
466
69
45
34
11
81
22
2
691
49
302
22
39
83
33
436
65
85
9
551
312
90
32
44
94
58
394
902
8
65
69
92
60
95
865
3
81
144
69
210
890
44
70
270
7
58
32
32
792
466
11
55
57
946
32
6
84
70
77
56
39
43
59
19
19
49
30
37
45
33
2
32
196
85
7
69
409
50
515
38
407
26
25
17
385
932
16
557
1015
39
11
4
67
442
60
61
84
889
95
90
12
52
65
7
12
80
90
82
318
62
70
23
24
36
46
45
659
9
16
59
56
54
384
57
615
96
8
64
44
472
791
790
22
88
42
513
231
342
95
71
46
63
782
292
44
66
367
819
27
559
27
912
23
1018
19
20
296
4
51
58
33
1020
32
70
56
509
43
74
94
94
65
636
64
59
90
94
25
39
54
53
36
88
541
12
47
44
25
70
91
135
35
36
889
84
22
60
79
293
1
22
602
68
89
636
895
38
566
36
83
271
753
78
20
55
19
693
983
378
94
22
999
65
14
47
238
568
487
30
57
225
74
30
82
59
45
496
59
364
30
44
34
45
21
31
500
728
37
539
88
606
42
3
70
24
91
86
35
366
82
8
959
105
71
997
94
21
75
70
950
821
52
581
41
40
69
990
18
53
15
59
21
104
21
340
32
74
68
15
9
15
269
550
87
44
153
96
620
18
808
68
79
86
34
6
3
44
941
32
470
773
12
18
824
813
67
113
16
81
85
40
73
302
60
25
659
4
70
60
3
393
31
58
84
43
797
31
61
20
47
3
27
61
23
864
529
992
96
75
365
81
171
93
715
31
48
34
4
78
41
506
60
24
11
46
23
23
858
96
130
19
25
49
980
68
7
705
59
24
48
651
404
986
605
32
21
21
528
39
29
21
40
256
53
46
38
31
50
44
511
31
184
818
11
914
22
82
69
8
6
463
84
18
519
280
22
11
80
79
263
44
307
55
848
41
11
7
19
39
63
404
452
49
12
119
36
47
60
635
48
72
11
43
73
61
587
24
71
30
672
87
16
29
1012
30
20
69
43
64
83
6
27
27
53
10
17
501
92
35
94
415
80
970
26
210
73
226
318
85
41
81
58
724
52
25
256
77
69
25
16
282
175
17
35
380
77
766
688
63
466
45
16
235
26
14
60
8
47
33
6
176
83
63
775
54
26
26
11
21
384
94
489
269
75
19
57
83
61
72
72
583
244
921
27
37
50
310
1
634
301
76
10
50
36
91
428
57
76
434
32
961
545
80
14
577
55
72
63
13
1
912
193
825
42
567
49
11
36
86
64
59
48
517
12
4
53
96
2
368
25
85
1
785
75
14
3
88
20
907
753
454
749
29
28
78
630
27
52
647
91
50
242
91
93
31
63
7
23
55
92
79
76
58
82
513
59
74
90
60
20
89
55
18
66
29
42
12
788
86
51
95
35
60
93
79
266
113
46
36
89
25
85
429
54
82
10
16
33
40
513
30
33
720
70
545
80
77
52
401
91
37
63
51
14
80
59
19
451
25
54
38
39
56
82
82
1
28
17
12
236
67
943
23
74
91
23
520
922
46
26
14
318
74
31
80
2
87
85
37
184
70
71
26
424
54
574
30
81
46
23
12
89
487
5
74
672
23
589
45
668
36
85
93
86
55
61
38
181
782
626
42
422
66
48
47
41
13
29
22
784
88
91
163
21
48
426
254
92
422
63
80
823
29
86
42
96
42
48
85
75
580
9
306
28
565
78
26
95
807
2
1024
656
30
12
11
71
64
72
36
737
35
35
934
64
985
628
3
11
972
442
51
20
531
182
82
89
89
3
26
58
27
81
93
445
409
72
93
4
8
59
1
23
818
34
29
27
290
638
2
2
67
777
91
54
13
83
37
360
82
84
330
41
84
68
749
41
89
943
51
11
95
8
74
490
29
3
370
33
4
94
258
439
28
12
398
17
6
71
90
5
710
84
615
94
43
32
44
90
4
49
47
337
197
112
12
12
28
751
368
18
92
58
100
18
996
31
21
259
593
831
199
37
49
41
94
48
42
1
769
1
30
60
81
68
70
4
257
35
23
78
82
39
4
1
542
348
1
3
79
628
61
26
866
18
573
15
342
48
520
269
52
68
91
401
72
69
48
489
44
83
777
641
927
814
604
92
76
80
895
35
425
92
682
54
7
80
78
169
38
85
172
26
47
52
19
89
34
2
230
50
507
1004
65
55
67
72
14
4
221
62
67
930
64
38
26
539
990
83
38
10
30
924
88
251
87
87
18
54
52
749
135
882
161
68
9
87
320
80
6
371
189
42
36
64
42
35
95
170
66
9
62
22
96
11
11
26
57
6
73
21
8
38
92
62
22
21
12
941
75
434
6
68
61
15
874
27
20
720
32
78
38
14
71
96
16
37
72
56
30
50
18
696
90
61
5
61
864
41
74
6
89
40
39
88
60
72
145
60
30
21
675
92
50
346
43
80
10
205
30
17
95
76
53
914
16
29
373
878
69
76
93
2
67
250
9
63
93
701
21
76
145
85
426
92
1018
497
399
69
988
379
26
5
27
962
46
19
67
63
38
437
33
563
20
878
650
348
226
5
36
34
80
730
37
12
84
51
58
3
30
733
618
87
368
592
19
42
51
91
24
23
22
35
44
809
22
46
18
328
444
89
53
31
70
474
95
231
126
641
79
61
234
68
31
66
49
40
65
80
1000
4
38
48
64
9
421
447
76
453
53
94
805
43
67
80
42
81
84
18
403
76
517
162
11
85
40
32
63
18
365
575
88
16
73
65
40
40
776
741
3
57
44
64
617
220
42
260
516
29
81
46
84
49
35
8
43
33
81
62
91
13
70
23
529
599
55
808
53
681
165
239
48
19
643
966
34
91
448
68
89
2
1000
3
41
85
87
24
1018
632
4
42
756
374
142
29
55
55
18
827
628
96
24
80
801
901
222
41
10
39
88
811
35
422
581
40
636
71
77
51
65
20
37
91
46
27
61
96
76
69
16
76
57
406
9
9
531
12
78
75
82
95
34
861
93
337
20
62
410
70
73
57
45
57
535
42
78
86
85
905
67
612
54
26
54
82
86
5
56
92
827
15
435
81
985
3
70
91
15
82
579
916
89
946
77
79
501
545
352
91
94
35
23
71
690
21
87
537
18
79
842
313
22
92
225
45
74
531
56
83
72
290
12
90
288
249
34
717
1021
201
29
66
221
32
62
72
36
237
90
70
55
2
50
18
295
19
164
356
72
1017
86
20
1020
57
40
69
886
810
710
37
12
20
40
247
401
1000
71
435
20
55
51
57
409
43
89
1012
206
942
122
54
160
3
73
78
67
595
94
5
6
84
6
523
21
54
61
77
672
89
325
530
521
41
15
86
373
31
698
8
31
10
897
3
602
96
43
36
434
63
6
25
95
13
488
87
347
82
24
90
59
23
63
377
316
60
813
87
87
224
23
464
25
597
9
1003
44
40
27
87
77
47
85
32
40
22
8
321
39
277
87
69
36
42
69
54
299
74
41
39
47
470
44
57
24
58
53
53
189
611
71
328
438
14
93
53
927
531
22
25
23
546
49
21
35
67
61
74
4
660
14
731
73
4
9
17
946
12
32
10
24
7
352
453
96
55
25
32
31
41
407
29
346
32
630
672
84
3
87
21
16
52
81
60
561
28
93
17
165
91
1010
59
754
894
31
96
1009
460
527
694
267
932
11
7
92
84
39
14
332
37
72
41
357
21
29
22
489
72
40
73
518
96
301
88
50
779
9
43
438
20
457
75
335
42
983
388
3
43
11
72
449
81
826
8
43
31
11
51
6
93
70
12
39
43
61
49
5
154
25
18
67
3
4
75
426
410
71
84
476
18
16
73
9
401
811
48
1015
938
8
147
63
91
22
45
38
624
59
47
45
93
432
54
6
58
17
69
74
991
82
51
462
86
36
921
34
90
93
80
922
201
701
44
34
43
984
67
64
294
689
69
16
22
819
520
246
49
739
688
741
23
792
77
471
557
30
26
42
24
91
58
14
21
26
588
82
93
27
66
45
48
88
971
15
37
761
64
10
31
59
81
46
10
54
859
88
18
2
49
56
28
657
82
22
9
37
71
73
43
43
92
22
86
65
67
79
63
608
82
45
34
296
19
42
84
157
31
954
61
95
66
70
71
88
94
728
56
62
96
69
1
29
51
393
458
83
39
971
8
859
25
762
85
86
47
803
26
38
68
47
556
83
94
69
4
93
76
90
42
70
49
4
335
31
82
129
30
24
500
82
994
12
17
668
833
72
478
72
607
11
43
15
21
15
981
77
891
20
12
68
271
418
1002
20
218
11
87
2
68
67
84
194
88
77
664
325
373
53
1
55
404
91
79
678
810
26
538
85
45
590
89
53
10
1004
9
86
40
56
85
46
49
75
684
47
67
53
188
15
630
343
191
410
60
88
60
22
27
65
11
57
33
57
21
84
25
886
396
635
91
46
46
25
67
952
747
86
87
66
613
752
828
855
5
930
559
60
9
77
25
66
25
17
768
39
25
48
864
93
214
35
66
7
925
12
411
87
879
56
284
293
18
350
77
152
59
652
50
242
18
53
30
293
71
994
85
38
73
30
83
28
23
7
42
740
782
14
36
252
931
407
90
263
43
51
785
497
37
984
64
42
25
14
62
30
63
53
86
65
32
198
840
18
227
17
77
291
18
36
88
797
40
365
6
54
34
70
85
49
623
89
4
5
61
46
55
57
12
80
648
25
8
75
598
26
398
5
56
994
67
722
18
33
2
52
67
580
702
6
870
27
38
91
42
55
67
61
401
19
41
770
15
5
66
79
33
17
67
77
14
349
507
337
64
34
2
768
44
1005
68
32
503
64
90
53
2
76
70
73
1
64
4
61
17
89
60
39
97
19
17
84
23
62
13
1
67
86
12
503
37
15
43
86
23
17
5
269
627
698
74
52
64
741
723
30
88
227
630
20
54
18
426
13
55
75
676
37
20
94
45
46
41
27
303
92
386
45
714
43
13
222
88
114
740
16
1016
39
84
5
130
882
15
807
56
3
88
1009
847
604
65
63
26
541
72
78
12
570
13
83
533
15
8
37
304
76
353
75
18
16
41
18
26
915
61
40
13
58
13
87
611
216
78
81
3
19
970
570
54
92
89
353
36
13
57
64
17
25
45
59
60
17
88
362
38
73
14
949
55
557
74
28
91
19
79
64
943
92
61
31
526
38
53
22
902
84
692
213
32
808
1009
269
86
598
29
74
632
4
202
38
110
11
64
15
21
81
26
38
907
36
673
940
26
932
74
89
157
31
790
406
353
218
543
66
46
950
55
3
576
3
750
27
73
227
745
60
79
38
37
339
15
28
42
221
705
77
786
11
44
83
668
33
947
49
28
125
991
19
4
86
33
85
27
991
55
19
545
558
83
40
83
72
80
545
44
34
58
33
941
30
4
77
48
24
85
340
29
1
5
572
92
19
516
664
559
80
68
38
29
19
264
748
814
71
6
88
695
22
86
84
50
33
37
5
69
45
21
75
46
30
40
571
40
78
18
95
25
512
33
20
35
17
6
38
704
90
81
835
719
68
403
14
85
440
40
852
830
78
968
261
86
82
14
80
95
27
855
181
75
522
8
39
562
180
50
57
623
369
9
20
14
36
48
58
564
200
33
52
31
64
282
20
96
29
244
36
488
96
61
17
76
43
90
575
288
60
745
59
15
254
82
1023
65
67
381
907
24
622
2
84
735
41
72
62
198
10
44
60
11
21
527
19
37
45
696
1016
645
876
6
1011
640
31
88
20
87
27
34
10
61
53
790
95
4
20
617
90
983
45
585
688
78
54
62
13
55
50
180
423
254
215
2
977
84
705
9
870
5
70
958
93
84
14
425
32
453
28
49
95
36
80
10
77
60
2
10
9
16
62
978
74
8
74
49
35
95
909
13
832
6
86
95
944
25
64
7
51
68
45
535
45
983
75
48
38
20
37
889
65
80
95
20
24
65
44
83
11
43
6
410
25
2
785
27
26
862
36
52
2
15
152
91
5
69
503
56
1015
104
632
8
32
5
78
39
283
20
95
30
46
163
344
484
779
71
12
44
89
67
82
64
54
83
9
52
53
902
31
3
62
88
60
1011
43
95
10
283
90
73
23
15
28
71
67
224
46
61
12
212
417
24
625
619
597
51
85
93
35
18
841
53
83
19
773
46
12
171
297
171
47
59
81
64
64
92
215
88
42
53
95
181
13
460
50
27
211
20
2
49
50
70
1
12
794
690
966
504
150
865
18
793
78
537
77
26
93
2
87
52
769
154
82
19
8
31
142
30
34
348
23
379
77
90
222
889
90
47
25
1009
1017
8
490
38
27
665
57
73
823
37
755
879
35
24
34
392
119
760
68
34
36
63
43
929
6
80
19
903
14
543
53
73
144
10
21
75
57
36
794
61
1019
27
985
890
28
32
95
69
168
15
42
93
829
49
325
36
71
31
22
83
52
75
59
270
135
987
44
30
56
23
56
44
43
61
84
5
62
14
179
86
84
24
26
33
297
72
50
365
972
2
554
93
87
176
8
11
889
96
13
6
518
24
972
80
770
50
20
2
45
641
20
88
37
116
62
879
54
810
84
47
16
59
919
80
48
61
66
83
18
92
3
636
28
43
96
229
344
78
61
364
89
104
18
9
137
751
47
912
61
74
39
94
470
40
17
83
548
88
86
384
380
73
269
83
159
896
729
9
70
157
393
13
64
915
62
215
177
79
16
58
6
1023
374
65
9
22
54
63
95
89
30
954
79
72
166
61
64
875
11
920
54
12
86
91
41
39
44
11
92
74
40
63
93
82
16
833
7
40
320
22
869
25
82
520
987
91
41
12
3
83
656
26
322
1008
93
656
83
1020
64
727
76
23
5
284
38
65
24
569
844
49
6
60
37
518
47
8
58
57
5
50
80
908
14
34
64
238
640
63
15
79
18
92
19
870
39
15
68
11
1008
88
54
3
57
259
41
19
170
19
39
20
1
172
47
70
5
78
36
424
67
3
59
92
43
17
82
39
377
906
72
208
6
87
49
31
21
15
771
69
15
42
62
29
433
38
66
78
709
13
169
22
30
427
3
45
880
575
33
31
88
359
53
24
238
238
81
20
791
820
322
12
46
533
292
88
94
50
255
19
14
173
865
31
21
14
739
511
370
9
79
32
61
95
47
37
153
615
78
30
73
28
40
59
231
20
51
57
90
374
38
4
72
76
11
682
77
70
48
11
585
62
53
709
297
73
71
54
47
46
31
391
72
463
111
33
6
301
40
40
94
90
18
50
260
96
59
26
21
24
88
85
47
11
82
80
8
891
37
813
22
57
2
62
28
291
915
25
918
19
13
235
642
17
36
38
4
26
9
83
68
93
86
5
1
40
81
19
21
11
36
78
4
57
16
22
8
69
90
430
168
34
37
23
375
479
78
257
67
1020
81
81
74
236
39
977
18
47
6
216
691
785
72
51
578
13
54
28
10
66
27
266
68
74
79
80
83
14
16
60
46
978
613
38
526
27
21
21
473
466
5
12
5
814
890
18
39
22
7
76
63
27
607
292
1009
390
39
79
16
518
243
9
39
93
48
141
49
39
15
166
686
27
36
374
650
73
962
15
7
74
471
74
10
89
994
69
3
367
82
258
37
24
87
14
40
84
19
63
83
7
604
653
538
748
59
10
612
27
864
3
914
83
66
88
48
36
504
42
68
669
28
121
614
221
569
3
207
54
24
17
96
610
81
793
37
87
78
576
69
38
588
70
15
22
236
20
91
96
407
53
231
1
54
116
58
7
797
716
33
478
67
82
46
47
86
2
56
680
362
92
52
14
620
76
62
49
96
63
16
186
71
54
84
503
43
96
536
71
67
49
67
810
38
40
80
54
8
657
86
47
54
215
76
47
665
368
80
723
308
324
244
117
369
2
59
33
855
91
263
64
499
40
70
461
59
611
56
14
24
58
15
82
43
128
444
736
31
25
401
32
63
63
70
310
11
42
668
68
457
86
93
2
2
218
831
77
30
784
57
366
53
26
95
49
90
56
275
41
88
83
21
51
68
67
41
635
9
24
437
10
46
2
74
81
49
164
3
39
39
730
58
636
6
881
607
24
28
209
40
8
79
68
19
88
89
94
38
89
257
880
831
994
87
22
8
26
15
820
74
33
1
46
87
377
59
263
28
19
139
50
866
797
13
204
261
46
673
1
948
17
81
25
586
67
53
48
23
65
971
63
70
31
44
77
29
316
950
51
55
5
64
82
92
6
683
41
29
61
899
3
92
75
381
44
88
55
54
186
768
88
946
80
899
17
71
64
259
19
77
2
16
77
870
27
55
57
66
709
486
658
2
65
1
21
63
958
44
8
76
32
73
64
47
85
3
73
16
22
60
660
75
44
38
68
680
11
93
75
3
481
1010
32
890
44
7
83
715
27
424
85
39
49
473
71
49
937
4
13
650
72
24
4
82
572
2
777
34
34
53
608
101
52
10
11
78
36
76
59
61
24
85
96
635
26
798
78
73
92
951
78
88
497
449
263
931
25
24
21
401
468
88
83
40
938
22
91
952
271
23
13
441
9
49
46
78
949
2
84
4
8
292
330
18
19
42
88
983
815
75
15
212
37
1019
57
217
34
9
17
46
184
32
514
68
70
46
34
548
830
705
82
428
21
71
538
43
22
82
86
113
371
20
59
595
194
75
80
25
319
710
692
82
76
73
700
445
59
843
58
277
81
458
11
2
163
65
75
25
80
180
64
63
26
77
15
84
184
5
716
356
84
980
894
442
3
796
62
722
344
448
144
58
63
86
366
242
237
276
29
54
86
864
869
58
36
452
58
94
43
86
89
579
30
69
730
324
9
48
722
29
51
3
16
64
61
62
58
604
93
289
333
54
81
341
41
32
627
3
24
3
73
161
206
286
314
41
30
1004
460
82
541
75
291
791
843
201
1
603
228
160
28
14
82
449
681
38
754
8
487
42
67
38
156
95
70
398
895
90
93
43
27
40
5
860
561
512
280
89
9
77
85
758
53
257
18
56
96
26
50
68
353
54
373
92
18
59
32
22
544
27
49
51
77
22
18
843
82
61
61
37
35
997
16
90
46
63
50
666
88
67
78
170
492
75
60
5
880
43
54
2
612
26
492
3
22
17
93
973
664
279
88
913
36
33
50
47
899
38
80
70
14
9
32
88
23
36
25
9
19
22
66
89
278
280
46
310
35
561
11
893
298
22
643
744
796
253
38
23
79
96
12
49
67
9
454
69
275
91
50
12
80
12
1019
111
649
758
357
67
52
16
88
37
71
94
29
354
822
51
94
74
61
559
2
56
10
49
25
67
52
45
282
61
30
54
70
84
31
8
78
780
54
2
93
33
88
93
705
666
35
44
716
672
42
45
65
27
6
66
64
12
508
35
104
93
18
632
82
520
62
20
95
959
81
65
274
271
172
41
542
69
51
34
157
100
729
488
82
23
72
6
5
33
89
9
73
462
43
63
681
4
485
532
690
79
55
83
77
763
47
25
4
17
806
529
35
23
46
606
438
320
15
73
42
848
50
426
65
70
37
2
96
971
93
749
37
16
17
2
63
91
742
78
21
646
23
40
95
15
65
890
92
27
5
29
75
16
77
992
713
204
1007
43
295
546
45
469
14
1019
67
779
61
56
540
93
20
54
853
78
68
51
276
51
86
222
272
81
81
455
509
54
49
10
885
37
23
55
749
405
50
6
70
19
90
1018
24
587
87
10
18
664
530
742
81
28
75
247
20
677
17
615
37
74
429
48
62
20
2
49
533
3
142
953
84
77
89
69
64
35
876
332
32
77
37
3
32
31
94
6
77
46
330
18
82
52
90
24
949
27
48
53
636
72
47
348
540
64
42
60
66
643
590
65
31
77
85
39
28
13
84
85
979
85
34
316
57
55
28
46
27
95
59
55
416
98
33
54
82
825
25
51
87
43
946
66
70
53
6
79
820
8
44
65
9
71
85
56
71
57
475
819
12
34
71
334
44
276
58
2
8
600
77
58
48
966
51
33
812
86
60
869
806
4
57
13
975
235
134
820
396
83
86
27
95
36
91
17
20
81
308
883
39
92
61
5
901
21
770
653
35
697
47
310
90
502
10
693
5
29
81
95
32
267
760
8
84
73
44
964
25
26
689
91
44
8
577
46
44
12
45
812
58
644
53
29
983
81
48
41
4
89
392
36
46
685
2
91
65
79
79
20
5
1
17
323
695
67
22
93
39
2
23
32
42
960
91
22
834
20
810
501
689
63
81
86
81
465
70
500
68
93
3
17
70
843
643
737
299
3
44
81
135
12
457
45
65
15
56
79
49
39
86
75
93
8
38
80
75
64
88
21
8
293
61
734
76
69
24
33
95
3
96
219
963
667
657
402
1024
59
726
172
92
7
59
13
1
102
53
45
17
46
70
43
365
1
81
212
47
5
23
970
11
4
328
95
49
87
47
55
339
736
824
96
404
68
85
73
65
20
539
18
36
15
41
41
2
38
829
837
61
96
1016
61
452
330
89
404
15
654
92
32
812
46
232
41
29
764
46
96
7
76
732
73
22
32
191
11
42
39
78
33
454
64
379
67
263
53
23
455
90
74
50
88
390
74
199
1018
7
40
9
29
2
27
63
86
572
49
411
91
66
86
172
79
34
82
77
951
417
51
62
61
73
529
17
496
13
58
68
743
54
32
85
16
66
31
437
79
107
882
142
48
65
93
41
120
10
95
715
34
650
276
24
79
224
60
175
6
424
8
487
81
391
98
29
936
542
990
41
36
579
62
84
54
75
27
4
1
70
14
53
385
9
282
96
54
402
28
82
934
23
16
54
22
267
747
154
55
209
36
38
12
67
89
20
25
28
262
95
91
303
622
70
201
60
53
1
479
1024
20
72
23
25
77
93
62
335
820
24
553
939
564
44
38
6
41
76
29
92
521
948
78
858
61
87
866
53
250
11
54
555
640
12
7
3
39
287
249
59
506
45
53
79
42
92
55
44
93
47
30
29
18
94
49
751
48
1001
21
668
636
80
4
532
35
6
70
413
580
666
52
434
63
70
38
68
62
60
28
1008
179
46
19
106
3
64
21
266
16
354
177
34
37
79
284
21
51
136
691
8
42
715
793
37
76
96
28
63
27
48
23
20
33
26
730
950
86
658
36
38
12
58
184
80
20
48
112
14
89
38
88
83
20
550
8
78
810
14
83
59
28
20
487
67
36
20
753
77
883
28
59
495
7
13
538
897
44
880
2
509
557
596
276
96
43
91
35
26
27
94
89
58
7
94
3
6
164
11
51
992
16
305
268
40
335
75
177
115
96
34
503
93
36
236
2
593
569
88
273
1
19
82
88
42
70
59
52
770
10
306
957
2
963
828
12
23
243
1
39
58
230
762
74
81
678
16
31
306
96
5
692
48
19
87
94
53
56
77
1
5
64
1017
69
514
707
682
302
6
7
52
59
24
590
45
71
48
275
145
311
845
48
50
7
11
55
72
530
69
912
12
54
680
971
29
17
674
21
63
670
79
583
424
88
65
50
27
6
110
534
13
75
9
70
69
3
1004
21
79
72
11
87
165
83
22
40
72
205
51
13
605
976
305
30
35
54
74
971
28
210
42
80
10
47
815
70
96
10
68
44
81
39
17
69
28
69
703
69
132
66
490
68
65
29
194
62
95
37
41
29
11
48
96
27
37
94
942
880
19
67
687
42
550
21
55
16
714
63
9
92
38
93
17
43
16
28
58
43
33
221
445
45
1
60
597
68
95
26
60
61
204
36
9
478
100
17
4
16
90
58
469
549
744
81
44
11
657
53
1
1021
14
19
1
94
51
26
1005
52
582
62
584
6
52
24
24
686
670
162
28
83
542
180
7
6
49
723
30
70
37
27
992
2
95
376
586
52
34
62
25
43
9
115
35
87
56
23
75
227
88
48
502
3
421
933
57
52
28
61
535
74
66
96
371
110
71
12
14
77
24
1003
26
663
96
437
353
6
17
554
2
52
70
1
9
170
13
203
25
21
666
854
108
42
267
77
85
67
928
64
62
923
74
1
73
43
54
73
64
930
51
18
58
625
479
38
872
93
16
50
75
81
511
63
18
653
68
16
56
24
77
34
61
230
82
603
9
79
91
73
25
4
92
86
47
18
92
77
675
847
37
52
841
51
56
26
14
40
33
261
16
62
93
60
784
95
75
34
1
765
29
86
5
43
17
420
345
50
65
51
28
33
364
476
26
213
13
39
90
493
32
473
81
322
82
61
55
36
791
52
661
82
44
79
82
36
689
26
26
19
44
92
1003
246
17
92
24
918
92
25
520
208
92
27
40
25
62
92
207
94
76
13
35
41
372
192
75
59
82
28
56
45
68
73
46
353
28
47
23
12
1
19
83
1014
62
28
30
38
95
944
89
17
573
79
28
19
89
96
96
33
18
491
78
464
29
688
555
24
158
566
22
84
160
25
681
55
849
29
967
265
90
51
45
54
140
90
857
71
24
19
22
775
150
96
74
92
66
307
87
75
197
670
408
975
213
89
17
83
948
46
45
740
38
805
93
922
713
901
747
476
91
73
557
81
230
149
971
28
58
93
43
969
34
346
18
32
81
72
13
29
26
32
38
32
457
891
1017
515
254
320
23
776
93
354
963
72
42
5
27
59
37
599
536
81
27
681
18
822
19
484
795
61
604
82
86
65
1016
594
73
73
15
91
88
294
44
33
456
67
56
24
59
319
562
258
50
46
14
24
7
459
90
53
14
43
241
54
64
734
91
67
41
81
16
91
41
608
171
12
648
41
71
70
25
946
8
74
19
54
96
21
64
63
79
9
619
15
73
91
161
83
45
63
25
61
102
96
9
45
365
41
975
1007
82
57
67
48
190
240
87
317
36
96
15
56
489
5
563
360
593
867
24
5
53
953
12
7
906
1
93
32
83
26
1007
44
755
241
52
39
749
44
85
7
850
213
53
319
818
832
234
39
872
7
22
408
39
45
87
733
826
35
48
917
186
982
18
1
60
69
390
17
48
86
323
964
915
978
73
408
83
79
53
10
62
34
363
68
932
65
40
143
447
744
55
643
718
69
67
9
83
69
999
46
910
93
637
321
85
130
52
661
462
594
75
43
72
736
484
104
61
90
88
24
37
48
12
551
12
41
467
12
7
40
13
807
38
983
38
53
76
495
53
16
99
50
76
76
43
56
67
336
45
7
31
54
96
79
68
768
712
94
801
82
766
778
37
32
67
49
72
387
290
86
993
6
69
779
67
20
296
993
39
66
633
656
66
50
45
28
865
65
85
880
67
48
89
22
79
36
40
87
76
50
48
45
784
9
863
32
29
42
17
238
238
76
54
733
138
73
45
889
40
49
226
102
54
84
552
47
45
41
797
152
67
17
975
31
190
24
21
64
443
57
175
361
158
399
1
77
95
393
168
45
69
67
1
78
26
8
75
32
40
413
81
32
55
327
72
75
405
63
163
964
59
49
39
23
75
24
19
267
31
264
46
81
989
37
38
229
25
900
162
429
113
21
51
52
933
643
84
13
37
271
29
352
7
26
455
589
24
865
198
80
68
29
27
46
61
79
70
533
90
6
47
280
34
427
52
4
22
641
25
42
14
326
69
9
11
87
2
274
40
69
48
75
20
886
71
81
94
68
539
955
24
43
744
57
12
45
574
2
26
393
954
16
41
16
373
63
145
271
851
24
879
44
83
62
590
704
49
70
33
69
58
45
32
567
698
533
63
622
69
68
81
40
16
548
63
922
24
13
6
52
25
93
608
29
94
2
83
10
479
65
22
96
677
73
643
33
1014
14
82
39
42
393
36
91
70
56
49
90
50
796
460
96
71
63
95
831
77
52
72
74
383
59
90
15
11
82
60
63
520
322
88
1
606
96
302
350
63
18
780
326
227
76
260
137
59
46
625
40
33
571
563
88
54
76
619
70
67
1
67
79
22
84
92
55
66
46
33
95
73
26
9
70
17
55
38
249
326
87
23
748
26
58
76
63
650
89
14
54
32
80
678
486
17
20
30
95
57
71
26
83
780
2
884
24
69
3
38
96
61
63
1014
40
86
45
592
826
675
863
37
58
222
43
10
858
58
630
54
79
84
72
87
10
37
32
6
1007
94
4
157
356
54
2
40
74
83
78
259
588
61
44
79
76
11
11
26
33
1006
59
322
9
42
200
19
875
50
88
9
38
46
194
36
262
569
718
95
88
48
780
1
536
528
29
24
10
6
26
52
2
15
261
40
44
61
756
23
66
10
87
794
726
305
84
69
341
45
6
376
58
920
25
448
22
35
47
86
31
91
323
18
428
51
775
127
88
131
29
994
69
60
85
1021
78
87
55
956
245
94
382
40
64
476
62
759
45
415
28
59
56
24
74
38
69
25
83
33
79
583
504
91
815
96
57
14
41
546
4
56
7
86
18
72
60
781
63
29
86
44
38
64
63
47
77
90
892
40
12
75
11
39
60
19
529
84
4
955
78
6
15
19
46
13
781
40
9
64
31
81
31
46
573
30
96
77
169
16
13
61
62
298
75
87
8
44
645
168
734
718
246
58
49
3
68
238
248
53
92
92
968
71
82
634
21
49
944
31
518
11
231
63
826
45
50
974
13
978
42
1022
77
39
69
18
91
43
620
855
483
24
29
15
22
29
159
208
95
964
56
81
13
531
21
808
87
9
14
75
384
42
89
27
12
84
62
437
12
922
611
668
9
24
41
909
264
438
202
18
939
75
62
67
71
419
738
114
43
82
89
652
88
81
39
235
59
23
95
88
41
27
81
88
79
61
90
30
31
5
911
7
516
12
54
19
27
56
69
40
72
56
71
69
670
194
429
360
31
1
34
56
76
8
701
71
80
33
14
19
6
27
1
349
38
15
496
38
69
73
528
21
52
41
53
15
29
62
4
16
603
84
70
79
266
71
375
482
29
14
923
15
84
88
441
42
64
6
22
92
35
83
51
73
106
708
20
71
29
74
64
33
74
965
16
1
39
573
21
624
14
74
38
29
85
342
87
26
39
27
1
62
376
85
38
64
179
16
87
67
239
5
547
502
60
44
143
87
85
725
232
988
158
22
1024
74
938
5
53
686
542
55
93
32
941
43
635
80
83
44
7
513
1002
290
807
21
18
80
29
33
19
99
568
15
33
821
255
54
84
35
64
74
90
2
41
202
32
763
983
84
69
350
25
47
38
83
896
75
4
65
708
79
127
73
71
73
63
51
66
376
28
29
33
73
93
124
745
81
536
400
84
13
240
7
621
22
90
59
46
950
86
47
3
28
51
178
3
91
149
54
643
20
6
79
470
161
68
44
627
552
37
64
30
2
31
71
24
35
95
49
575
235
506
40
803
96
89
955
38
3
456
192
76
64
57
44
548
654
64
8
718
35
912
29
777
970
60
77
87
56
479
290
65
34
5
55
21
16
64
474
695
38
32
94
42
76
94
28
725
30
942
48
690
851
3
24
776
9
56
11
79
4
542
1004
78
81
86
18
17
649
812
624
49
553
68
45
681
44
87
303
55
86
16
40
1008
40
72
268
32
20
53
87
11
30
333
336
508
16
15
13
9
76
44
15
88
251
90
11
65
91
68
83
49
43
81
960
174
67
552
269
33
67
676
390
67
500
963
79
28
607
11
711
30
472
89
544
11
64
37
902
81
28
80
6
3
224
89
19
45
53
88
482
37
92
438
118
553
11
814
41
45
273
23
451
843
27
79
67
28
372
747
9
50
37
863
875
158
93
20
95
1
82
284
15
52
803
1020
31
7
69
14
1
2
51
60
284
67
19
48
708
32
75
77
96
10
35
960
43
434
394
958
211
79
296
211
24
18
584
60
331
52
916
13
41
93
30
28
93
617
60
91
77
637
21
79
4
94
21
61
75
49
49
539
13
58
89
77
69
16
5
74
757
21
73
681
61
67
60
742
448
80
10
85
23
718
551
16
28
85
11
87
263
60
570
32
169
49
