8192
442
483
976
39
32
1
27
9
351
16
197
17
112
823
21
104
25
32
5
207
3
20
21
2
222
21
193
113
945
28
24
778
1
982
939
24
1
3
124
13
984
185
246
68
58
28
301
11
233
174
17
10
32
132
29
214
32
279
2
237
940
617
22
254
966
20
24
163
131
1
406
159
11
15
216
12
995
1
241
228
680
222
246
15
2
31
1
299
173
94
24
11
32
104
249
29
810
122
8
91
54
20
59
181
878
15
390
22
23
283
173
25
30
11
558
1005
21
3
11
637
198
49
198
233
51
30
17
24
820
191
427
13
15
47
933
29
12
12
2
11
204
208
342
81
23
23
227
980
177
6
913
880
18
137
778
10
19
15
4
709
250
210
6
68
30
14
253
28
964
12
124
185
218
522
531
335
463
32
22
30
203
487
125
163
7
23
111
10
190
959
164
22
28
29
103
64
940
23
12
781
54
75
6
18
25
136
795
236
20
30
1
25
27
24
248
784
687
905
140
28
16
47
839
127
28
6
82
174
17
26
187
5
190
215
15
845
236
1
874
3
232
9
46
16
217
188
6
28
195
587
962
29
28
32
396
28
202
157
32
178
6
947
30
46
16
25
720
294
236
233
22
425
6
372
146
10
12
19
13
16
111
559
6
23
7
654
842
26
319
524
17
685
171
15
24
29
22
4
26
33
172
230
21
5
771
8
32
61
14
276
666
245
28
6
106
8
22
975
561
737
183
228
871
9
380
27
66
155
23
17
30
224
6
10
21
9
30
21
75
217
30
37
1
7
7
131
3
15
17
879
8
16
774
424
669
8
182
51
2
28
191
205
712
156
78
864
21
139
9
979
14
18
23
335
107
5
27
785
9
24
11
106
114
192
6
58
97
17
5
909
27
7
130
237
99
24
774
222
42
14
18
14
14
934
11
930
14
162
586
15
85
150
6
312
29
13
25
8
42
127
90
165
26
13
12
32
449
1
142
941
11
21
275
959
31
204
767
211
2
21
238
963
136
100
6
14
129
319
18
7
110
14
37
227
163
9
283
226
7
30
418
8
29
26
3
22
216
176
10
93
2
10
29
757
5
25
49
411
2
69
31
187
23
11
711
24
206
20
313
12
30
10
728
99
537
25
65
3
31
222
72
24
152
104
15
25
312
199
7
932
154
307
16
22
14
13
53
21
12
15
235
774
55
23
800
21
29
681
113
28
25
32
15
716
608
20
653
199
87
10
651
651
243
242
34
145
2
16
11
28
7
668
12
9
3
656
6
160
2
771
16
30
224
77
176
2
3
52
987
131
758
378
120
3
4
112
6
22
713
20
818
32
223
19
66
235
109
10
844
19
64
2
853
13
13
26
17
720
22
31
1
89
173
21
490
157
7
1
230
17
150
67
30
5
3
21
7
518
241
37
24
226
86
5
147
29
6
240
16
345
7
180
742
2
26
165
5
23
217
31
5
55
44
973
201
27
17
807
401
3
4
2
25
16
99
1
22
3
532
9
456
19
23
70
61
502
214
31
4
180
13
8
26
254
3
24
253
833
58
73
28
25
49
870
3
135
12
5
4
26
154
103
188
798
4
110
45
814
26
638
19
12
140
20
31
19
125
24
1023
31
635
606
214
185
197
20
694
2
2
123
13
6
10
16
7
146
79
315
852
31
165
694
138
164
14
97
220
30
18
628
111
175
568
28
181
164
21
3
233
670
7
136
16
34
215
14
18
514
25
101
223
22
76
95
93
17
30
109
162
1023
26
6
133
705
400
230
447
254
642
25
13
604
200
26
31
857
16
593
32
31
28
9
1
142
27
14
18
646
314
18
115
2
115
19
400
321
50
4
210
4
160
32
5
51
23
22
393
73
20
555
3
8
5
58
17
250
3
6
170
24
244
6
6
21
979
14
750
100
873
201
19
108
30
282
1
7
21
31
2
951
217
788
8
28
101
80
806
18
97
215
25
16
120
22
19
21
27
30
10
204
192
19
22
61
68
168
298
180
472
420
6
10
13
13
247
8
454
21
718
320
8
3
23
678
109
2
6
378
124
132
197
25
123
32
246
8
8
22
223
680
892
347
27
514
8
439
23
24
399
4
218
360
29
177
30
197
141
359
106
24
384
16
393
93
359
828
1
563
1
9
25
469
7
193
96
226
426
28
982
440
154
27
19
28
23
20
164
76
33
9
752
14
68
25
202
16
151
240
3
637
3
924
351
1
14
11
243
16
116
1
216
360
245
144
629
4
14
104
753
125
70
6
152
8
102
952
12
133
32
25
12
401
18
7
21
717
4
15
443
24
15
15
82
8
351
12
127
91
30
31
713
7
187
7
935
235
14
3
18
19
26
3
13
22
8
55
322
171
40
794
169
12
188
822
646
3
499
27
218
34
30
17
93
1
8
14
28
18
26
759
218
32
164
15
189
576
216
31
13
207
30
23
7
32
12
18
20
208
212
47
20
987
219
32
125
217
27
66
221
985
112
42
6
32
637
6
6
550
30
21
133
15
27
32
656
662
7
18
43
23
432
23
1
726
33
150
498
25
8
242
2
148
250
696
25
303
22
9
195
71
212
8
116
25
19
312
17
106
18
23
15
602
193
166
183
32
186
102
7
27
19
464
133
77
108
18
895
16
190
21
23
20
774
3
16
31
130
355
919
6
8
317
993
66
236
998
126
15
248
295
1014
5
592
104
128
94
28
746
298
192
229
22
624
22
29
117
6
158
16
1003
522
5
554
214
745
139
7
739
551
32
205
22
65
835
23
7
20
60
238
137
911
74
30
357
189
250
6
810
9
31
7
16
32
7
101
18
839
215
24
800
180
59
81
77
17
760
2
292
16
117
21
15
31
16
232
25
995
12
670
511
777
244
238
963
32
5
305
12
16
5
22
502
1
95
229
13
194
71
665
9
5
244
92
98
32
22
32
608
139
22
465
697
21
31
142
14
892
14
25
138
16
59
16
32
19
127
131
96
157
167
84
32
24
28
12
22
25
27
252
164
626
987
9
265
696
15
2
5
214
5
30
82
30
16
498
895
133
144
29
19
244
7
13
32
2
12
917
274
71
7
13
133
26
31
7
546
9
271
6
8
24
9
242
20
76
30
90
2
982
15
7
28
15
43
12
15
26
108
533
12
225
20
21
19
3
15
669
4
15
24
24
66
110
15
247
61
964
3
221
38
16
878
61
38
178
2
367
27
14
244
15
45
25
8
10
106
32
100
558
16
25
13
150
22
20
21
28
20
113
2
693
94
604
1
7
32
9
120
21
30
628
2
818
22
12
14
979
269
11
21
2
3
193
726
19
21
24
9
55
102
13
8
239
590
3
191
194
541
13
190
5
83
560
17
113
24
5
31
442
29
244
23
898
22
28
216
66
18
98
18
746
110
52
616
2
30
377
19
148
5
7
1002
6
723
2
12
30
12
21
10
659
16
2
588
1
116
820
488
399
208
186
58
31
648
14
232
35
63
53
17
29
48
22
28
19
491
14
245
15
4
20
508
26
1
15
21
31
27
893
33
22
18
217
675
948
7
946
76
13
66
4
9
826
23
145
18
4
6
13
275
9
2
13
222
5
17
417
38
873
23
20
53
8
209
52
829
9
7
141
963
73
27
6
20
90
1
935
9
26
815
37
12
63
14
174
138
178
194
3
322
411
7
29
79
49
938
9
27
6
2
140
952
489
60
1005
5
27
27
104
24
24
31
19
252
13
27
16
85
479
206
6
117
25
5
679
15
195
17
48
8
31
31
308
116
23
1
48
50
170
175
10
146
9
24
841
762
152
28
71
209
183
578
9
135
163
5
32
17
131
16
158
25
34
23
1
430
889
5
523
147
12
28
29
166
154
128
916
6
219
908
52
177
228
4
31
17
1
739
163
654
29
13
27
26
28
3
8
135
310
177
567
257
657
26
5
21
1015
20
5
24
30
22
71
26
4
144
25
91
477
18
561
212
27
67
684
17
119
13
1
183
17
17
23
32
237
13
391
2
5
14
997
232
4
44
14
32
30
156
740
24
1
584
500
246
158
18
300
18
370
12
22
19
114
244
204
12
27
702
245
247
11
1
197
195
4
884
404
836
250
882
236
443
23
818
174
247
778
136
5
31
4
677
24
14
582
12
19
26
232
6
12
20
22
5
180
11
38
11
29
15
25
248
986
129
22
233
19
23
81
118
30
18
533
380
17
203
576
2
491
12
5
12
18
908
392
7
6
801
879
709
8
564
12
481
15
262
28
12
10
343
15
28
8
16
6
558
96
160
35
227
122
11
322
179
28
10
14
474
188
130
22
47
18
7
31
27
3
11
16
3
200
11
27
32
24
84
23
122
17
164
2
6
14
21
4
8
25
21
145
216
11
7
146
24
13
53
455
29
16
185
15
13
31
5
183
204
3
22
905
178
11
115
31
287
173
842
230
976
26
15
93
11
22
83
700
29
114
3
611
14
639
193
108
32
90
8
8
22
32
45
113
134
272
159
68
367
8
13
118
15
9
4
39
170
673
12
8
476
25
30
346
933
147
13
174
28
27
65
114
280
813
177
160
26
212
23
215
256
21
17
25
13
22
382
122
664
5
24
361
219
273
9
316
160
10
29
437
31
85
104
28
11
9
216
4
86
948
77
30
24
355
32
109
101
23
247
31
82
15
7
789
59
441
28
84
28
156
209
486
9
30
55
4
42
6
11
672
145
218
20
113
29
251
896
236
25
874
25
74
10
18
13
16
82
5
27
185
229
173
248
88
135
21
859
604
25
635
97
183
19
126
820
16
28
30
989
4
143
9
2
16
503
27
124
22
62
222
46
29
176
210
29
57
101
6
27
17
662
20
92
17
13
250
6
220
23
67
239
28
10
685
7
159
10
1
23
1
19
165
433
23
867
31
25
5
5
5
111
234
3
30
27
70
13
249
24
902
78
14
26
269
2
3
12
12
382
18
179
4
295
327
20
11
8
8
8
18
381
748
26
688
361
95
101
29
166
147
22
162
167
205
5
240
213
10
84
15
1022
593
593
16
23
924
1
237
1
50
14
562
220
20
244
22
14
25
53
147
13
10
2
6
30
20
26
279
5
517
782
17
153
899
37
22
11
155
5
155
444
137
183
5
15
15
833
237
28
224
6
110
202
28
13
764
964
2
357
200
32
165
10
227
10
255
10
609
576
66
148
24
307
101
22
9
166
24
114
431
5
33
20
155
9
1020
323
29
2
945
27
177
225
188
28
26
4
155
5
119
541
9
20
950
4
221
30
30
10
5
187
12
15
2
6
874
771
28
25
53
15
425
231
5
15
122
706
29
84
214
26
118
716
93
10
9
17
3
207
166
13
14
4
234
846
201
565
949
387
21
97
14
31
360
27
290
32
22
42
60
937
3
11
187
12
819
30
35
1
32
207
144
20
23
81
83
909
5
16
275
5
107
27
5
156
19
10
20
32
16
51
358
778
19
23
6
12
9
21
16
23
18
786
10
394
16
88
80
244
456
558
19
171
3
122
141
21
59
27
31
1
58
246
11
993
118
14
28
12
544
28
184
408
28
560
185
188
90
10
16
85
3
27
459
212
12
474
12
969
341
479
13
18
15
23
6
32
225
21
26
214
26
192
7
5
21
30
26
120
4
688
26
923
32
27
18
19
26
17
7
91
723
18
805
14
29
7
574
338
22
736
236
945
6
19
124
22
13
235
5
683
42
76
24
1
167
7
260
7
18
250
263
68
22
26
26
9
5
567
738
28
890
767
84
106
68
53
17
9
628
187
180
11
18
852
16
754
5
18
740
808
6
427
65
31
839
5
7
550
76
264
184
247
909
395
7
14
103
31
133
227
120
128
900
22
79
9
868
959
13
6
121
275
167
28
26
486
2
201
4
335
696
8
32
372
394
175
232
142
11
594
180
735
251
162
32
30
38
18
435
20
96
21
31
14
32
491
31
104
432
28
253
16
7
12
14
122
117
109
253
149
527
24
16
5
234
26
11
26
11
126
6
15
3
11
21
313
5
20
19
78
205
29
6
24
21
2
44
479
3
141
32
1
771
30
195
107
85
88
915
722
25
572
6
228
24
512
28
830
760
31
453
784
14
77
134
8
136
356
18
6
31
578
202
14
100
20
903
20
21
710
12
73
31
12
4
356
25
846
193
467
57
19
17
191
27
2
1
1
21
23
445
115
150
3
643
11
791
568
8
2
33
32
900
26
22
151
140
2
889
19
49
20
26
29
30
5
9
82
104
24
30
32
164
61
27
58
78
163
999
17
28
226
451
32
29
5
95
431
12
21
15
7
406
30
19
5
765
5
112
15
189
30
32
21
28
574
141
17
219
381
43
121
20
200
24
163
218
199
18
917
20
205
895
29
14
154
22
52
147
8
28
117
241
149
593
11
21
31
6
7
3
160
154
228
190
15
217
247
209
210
10
38
181
896
10
735
15
6
1018
12
3
30
461
229
6
20
237
243
22
10
60
13
16
583
8
7
20
810
6
226
22
96
119
6
721
18
31
174
910
31
8
24
909
11
26
123
517
17
254
19
778
10
647
19
13
312
97
18
5
10
29
586
8
359
776
4
2
27
225
18
242
347
17
312
88
17
13
18
14
28
869
371
273
103
20
157
1017
13
24
182
22
5
14
4
17
9
18
123
103
67
27
120
30
253
6
31
1023
30
73
22
18
5
18
183
8
12
69
587
2
572
49
58
25
32
768
703
15
21
400
2
4
120
5
16
6
5
8
26
27
15
67
14
74
6
528
741
31
330
21
15
30
414
27
19
2
5
160
2
210
143
28
220
6
250
840
850
68
225
262
116
189
306
205
29
213
12
183
443
3
1
29
9
4
9
189
171
15
31
54
16
12
153
121
75
2
31
29
770
32
12
30
19
139
51
172
20
136
169
12
59
86
22
182
945
27
38
744
29
7
13
246
951
25
129
809
12
30
234
381
8
20
11
52
26
243
17
910
13
3
10
216
38
18
155
2
29
2
11
32
28
30
25
248
25
4
6
103
101
106
16
22
13
215
26
392
32
149
760
23
244
14
2
27
475
25
3
892
179
10
9
493
19
7
196
638
252
61
74
5
226
31
434
53
401
70
5
300
20
78
434
1
17
22
537
5
28
54
4
833
556
65
2
12
24
9
218
725
172
841
203
36
242
15
205
192
162
236
2
7
10
190
99
490
24
21
26
129
173
6
215
978
546
941
153
188
159
16
191
128
656
175
6
8
68
30
15
242
7
20
28
11
11
15
8
186
687
13
31
121
25
518
20
732
4
21
25
5
225
114
23
26
184
168
22
245
14
37
78
19
176
653
938
73
2
17
3
854
102
79
297
740
209
147
27
22
29
30
20
32
963
218
31
553
19
435
10
8
797
250
32
251
181
10
5
225
236
9
658
438
24
27
19
841
197
21
19
29
32
7
18
131
2
151
40
10
744
58
18
134
12
43
665
162
83
13
835
99
139
85
178
184
21
130
904
14
249
1
15
707
209
9
185
18
152
137
624
559
14
197
30
5
8
4
21
431
152
132
26
22
19
412
225
32
14
34
7
340
129
10
190
2
5
16
710
486
4
902
199
13
18
189
902
79
19
4
16
95
28
6
24
1
186
95
19
102
163
732
196
10
243
18
15
243
398
97
25
161
453
310
73
762
16
1
21
59
30
5
12
3
318
25
124
6
84
3
90
16
375
20
61
17
494
642
4
5
98
820
344
108
9
260
28
13
11
551
5
5
160
928
13
19
16
60
24
153
169
21
20
25
19
159
26
32
855
1
191
8
51
21
28
14
110
5
8
70
45
28
21
21
342
106
23
179
30
10
19
4
243
604
28
23
786
11
243
113
1
24
88
23
8
584
32
17
223
84
203
128
5
86
112
18
10
32
7
3
34
30
11
32
20
84
882
18
581
533
18
158
1012
241
19
732
18
32
19
198
154
26
60
188
201
109
158
89
370
217
912
9
4
3
13
9
982
3
6
191
14
16
928
4
27
3
10
159
181
994
90
12
897
764
31
173
16
158
51
11
19
9
34
168
239
8
401
26
4
10
116
20
1
147
16
784
230
203
13
228
139
24
110
671
32
486
26
960
3
2
28
1
22
490
4
744
1013
498
21
61
7
31
19
30
156
16
553
22
124
23
111
820
11
554
15
20
28
137
435
4
342
21
355
661
835
7
14
72
15
2
14
416
451
196
114
13
249
928
18
143
165
679
238
3
47
424
5
17
176
3
19
7
263
875
435
183
23
65
13
14
4
3
101
9
160
177
26
476
32
67
24
119
220
19
15
65
162
139
4
165
447
28
45
146
54
12
96
28
616
12
408
998
196
132
27
1007
685
36
49
628
195
22
211
127
167
4
30
15
39
5
928
234
11
8
225
17
800
4
1
60
191
252
8
337
106
380
137
228
57
114
32
32
23
9
11
25
19
876
195
32
62
93
123
235
15
25
14
141
9
7
3
138
225
168
28
185
18
10
111
2
186
329
8
33
155
787
71
20
202
28
15
1
220
15
256
970
8
431
761
8
12
32
95
189
46
15
23
6
31
24
88
974
118
305
82
4
30
169
50
1
27
89
21
53
515
3
11
21
31
409
753
127
194
5
422
7
93
62
24
17
619
81
774
24
196
7
87
14
132
12
16
229
19
30
132
34
15
230
20
29
93
18
584
753
18
76
13
104
16
723
14
21
724
64
91
157
29
212
346
230
219
2
487
195
37
12
25
9
939
683
30
3
226
238
273
937
656
62
604
430
7
247
831
83
174
26
18
550
30
25
190
12
15
499
5
20
32
219
62
174
743
26
26
6
30
28
68
972
202
4
801
981
552
20
26
28
516
15
24
14
5
996
13
154
553
558
1006
234
32
1
9
452
31
110
171
98
111
913
7
189
3
180
37
27
6
69
15
20
55
15
120
177
8
27
252
247
28
557
175
477
23
788
197
242
23
21
21
23
6
180
171
13
32
8
15
794
190
19
363
260
217
132
179
19
253
542
10
21
16
65
209
45
480
264
11
801
532
485
15
21
3
343
7
594
600
870
14
182
180
25
16
104
31
7
3
1
6
1
271
23
49
779
238
3
285
216
8
225
185
30
96
31
9
18
29
19
981
714
5
735
127
938
88
774
29
15
23
170
27
29
1020
890
95
20
217
1012
1
191
646
63
684
947
1
177
156
15
110
9
245
14
6
11
255
30
167
331
29
4
13
16
777
126
423
157
17
124
76
183
3
8
175
6
29
25
26
7
13
815
225
20
15
42
31
32
152
25
20
16
32
13
167
25
492
85
28
218
14
10
194
8
18
14
5
530
28
193
15
19
535
109
2
144
29
30
21
121
24
460
184
11
9
24
28
31
366
249
12
7
245
1
224
8
18
15
12
3
19
88
843
9
120
23
21
101
652
62
4
26
131
736
807
32
7
13
818
17
223
106
29
397
275
4
7
77
27
127
187
6
153
132
979
240
6
24
29
19
4
5
185
60
299
4
23
165
93
13
213
4
213
4
25
24
637
15
9
357
235
61
32
290
32
5
1
365
133
185
1
29
565
1
119
8
105
186
681
464
12
188
6
494
499
14
160
30
5
45
194
15
20
7
2
165
16
79
242
907
18
163
21
151
29
35
116
609
25
37
64
52
117
20
29
17
62
631
154
809
993
604
3
54
252
971
13
9
299
127
18
10
673
139
146
771
14
330
625
29
33
42
13
978
324
438
12
10
9
66
26
556
508
665
132
124
6
846
17
639
96
363
606
32
27
32
237
10
67
176
19
231
28
28
9
18
26
31
21
115
992
23
215
11
23
1006
72
14
12
8
864
238
30
5
20
72
17
48
208
22
30
11
2
18
31
232
30
17
2
300
286
21
9
17
161
27
19
133
63
955
28
23
4
14
2
11
31
1
7
19
664
244
237
91
219
22
17
30
5
845
21
19
79
843
23
28
16
180
351
565
13
29
9
224
21
115
82
84
12
26
15
524
26
221
4
410
47
592
64
8
31
17
48
412
4
32
662
244
1001
396
524
213
208
21
17
1
28
11
14
171
504
793
25
1
973
25
16
18
724
29
292
23
247
27
22
26
151
11
31
705
21
29
14
9
27
1
801
26
619
901
15
131
18
238
14
110
134
102
794
190
30
280
158
171
87
18
554
112
27
4
102
366
9
11
43
198
244
25
29
24
32
69
18
21
841
18
123
31
7
31
75
979
239
13
229
30
233
18
22
20
25
137
41
616
182
4
84
299
930
31
5
8
63
136
392
956
16
63
788
18
1
27
28
27
477
90
10
164
238
119
19
130
229
16
22
911
25
4
96
840
18
154
12
918
131
458
22
254
337
1003
75
114
284
218
18
32
141
967
223
32
32
4
16
289
15
19
127
12
300
126
713
428
181
199
141
3
9
14
181
80
25
893
238
275
34
666
311
29
781
87
163
23
633
175
105
222
32
79
871
1
103
201
16
222
12
894
2
31
1
533
159
17
79
2
31
255
9
294
770
59
32
28
232
21
31
867
9
209
1
30
17
7
4
321
23
11
13
10
137
358
186
726
16
599
929
9
828
21
123
142
17
19
19
26
13
874
24
26
213
16
16
39
7
19
6
22
18
11
22
26
20
6
49
23
4
80
48
28
14
88
24
82
5
29
28
13
31
145
26
435
22
779
147
244
486
9
19
14
2
477
919
31
32
478
824
887
12
165
17
236
633
17
18
28
22
152
19
15
578
21
17
132
617
25
12
73
19
18
859
635
13
94
210
7
16
14
9
1012
393
86
9
30
18
189
11
637
24
195
21
503
643
22
739
754
6
44
28
32
172
29
933
23
32
121
24
7
982
26
39
19
189
3
32
23
233
32
26
717
207
23
169
232
75
168
8
12
18
30
22
12
11
64
13
22
4
27
569
218
77
3
713
195
729
156
111
14
31
18
7
25
13
66
12
90
26
125
49
454
83
247
29
12
182
945
14
130
62
175
928
24
32
34
10
237
416
23
20
214
160
58
175
1
69
1000
32
127
6
22
27
37
23
146
427
15
17
461
16
160
205
19
522
6
25
254
400
18
12
24
13
3
163
98
7
11
151
37
57
1
22
174
107
14
16
22
191
19
15
84
32
23
899
16
77
151
929
27
21
227
6
36
308
1016
437
242
25
239
4
69
222
93
7
45
441
249
255
168
32
9
130
19
17
28
20
7
15
9
7
119
24
687
110
713
21
22
193
6
16
250
12
449
3
16
43
129
13
81
198
637
201
136
43
30
9
256
135
252
940
14
13
218
103
17
508
850
9
186
986
931
836
866
8
23
248
546
15
119
4
28
27
19
336
29
699
196
231
22
182
17
184
25
984
26
253
353
28
182
88
113
21
750
13
26
925
20
3
5
7
204
63
2
29
726
279
23
545
182
54
1
22
180
21
4
28
694
394
8
9
23
192
357
235
144
3
26
480
5
14
29
7
121
34
11
324
6
712
29
101
7
20
2
112
22
656
770
684
18
27
26
169
18
25
424
703
20
8
20
31
241
16
16
10
4
117
376
10
848
203
213
27
383
12
14
31
16
139
3
5
10
18
56
32
891
185
10
868
9
32
8
23
12
85
6
29
1023
663
4
112
879
984
269
7
629
21
542
4
28
14
808
553
94
3
143
44
795
19
127
6
584
232
12
14
14
209
168
882
241
211
383
51
24
143
500
158
231
730
122
63
61
11
13
785
21
527
178
20
166
182
27
910
21
842
56
65
208
19
168
697
188
14
4
19
618
32
28
28
6
11
71
222
28
229
3
68
18
4
650
129
8
28
30
29
20
4
65
124
3
177
13
717
6
190
256
207
226
43
8
175
358
443
221
20
2
864
10
12
14
21
245
15
12
892
77
57
16
990
27
82
956
115
5
139
25
247
5
374
10
839
2
464
656
247
135
31
26
688
97
155
625
2
8
26
28
15
17
23
105
6
162
31
491
26
16
125
225
701
946
26
391
20
413
66
157
203
11
807
19
241
55
14
32
4
40
176
623
16
2
205
208
2
19
23
99
895
12
30
30
32
21
200
28
197
303
18
158
149
112
701
24
14
270
26
158
43
8
30
1
891
524
8
12
23
369
11
11
895
413
123
25
16
257
192
24
361
27
165
30
5
4
32
19
27
136
29
1
12
26
18
5
25
110
8
138
12
14
893
18
98
797
112
145
132
529
13
732
763
17
5
2
152
232
681
97
316
1
214
610
24
26
142
459
23
802
370
1
93
26
754
155
29
9
257
8
4
219
3
77
59
693
5
280
740
5
10
56
804
71
20
32
130
97
38
3
24
25
15
32
14
769
13
22
31
27
28
42
77
213
2
195
802
142
12
12
6
174
373
13
837
12
713
27
33
246
29
194
26
18
1
773
378
10
103
9
211
18
406
15
475
3
53
14
232
856
16
27
249
25
11
997
14
5
41
3
717
927
23
26
26
9
19
1
171
310
252
698
3
10
34
96
24
634
14
25
908
106
39
13
30
101
95
16
5
21
26
107
20
376
899
81
168
26
137
14
25
769
144
8
79
775
25
17
15
2
268
7
80
30
1
787
74
18
14
13
20
18
333
53
19
28
18
160
238
467
111
16
61
29
12
113
886
34
38
5
2
4
122
78
15
371
23
10
946
238
298
105
8
326
21
3
19
44
685
255
158
45
16
661
5
19
9
162
3
2
195
2
152
26
69
356
193
30
26
9
135
116
246
823
26
693
27
15
14
24
32
836
17
814
20
195
10
40
88
186
186
14
32
31
8
20
904
79
258
16
126
26
9
143
9
211
8
448
26
4
4
40
20
216
11
432
999
55
29
221
810
28
920
18
31
24
29
160
828
235
11
13
190
9
4
229
5
9
10
17
205
402
190
16
206
126
475
942
980
21
718
297
369
1002
408
14
227
179
188
70
27
26
23
10
20
1
227
18
339
18
14
1
21
239
9
11
18
9
15
204
20
30
198
14
22
602
119
28
112
18
29
167
32
802
14
30
12
527
251
13
643
12
19
852
28
557
6
170
15
6
18
26
21
1
152
883
8
11
14
11
16
15
846
862
2
114
198
397
32
5
8
8
8
26
510
91
638
109
12
598
99
235
367
428
347
9
8
420
234
149
181
28
1017
188
606
180
517
106
6
17
94
5
651
19
49
900
157
21
26
119
17
19
927
15
20
19
88
151
4
13
9
27
61
4
25
151
920
13
29
995
86
148
841
222
508
6
10
222
250
24
25
174
183
17
234
140
937
20
11
209
29
595
6
26
130
321
57
31
12
143
2
27
27
16
199
220
2
27
874
253
2
229
790
349
139
4
143
30
578
43
31
36
14
13
10
995
781
2
43
805
177
24
31
215
1
43
430
981
60
184
9
28
845
23
184
10
13
6
4
941
158
50
22
2
13
215
196
9
23
23
848
209
27
227
16
24
39
721
8
665
662
1
2
21
16
134
652
829
13
173
11
23
1
488
106
26
13
23
54
476
22
15
19
15
580
13
28
212
30
2
137
641
103
18
3
65
30
7
49
28
24
30
5
46
9
1013
254
71
9
18
132
43
14
14
607
14
4
9
5
5
156
16
142
140
606
112
15
129
585
24
7
17
238
189
902
858
14
2
231
68
7
9
2
3
31
280
4
21
18
117
318
5
721
113
29
10
244
49
239
16
14
64
10
15
31
14
15
1010
114
198
38
1
89
21
20
26
11
9
526
8
49
30
5
211
11
26
27
84
200
28
150
625
28
12
292
1018
75
23
59
132
14
16
23
49
137
9
21
25
797
112
692
20
806
20
31
70
23
418
6
17
55
184
919
31
148
12
194
24
154
746
349
582
11
49
6
389
50
111
8
193
609
12
26
9
23
29
10
63
157
220
15
6
11
83
4
3
176
22
27
195
510
7
197
22
32
156
572
16
150
421
254
10
663
204
32
11
10
15
3
30
242
76
101
81
31
5
12
251
250
640
9
126
88
15
620
18
5
31
25
18
37
17
888
759
7
14
2
59
19
8
63
475
10
27
24
212
88
4
4
16
14
31
25
14
18
22
909
30
15
21
366
23
252
16
16
21
701
28
27
25
6
414
441
225
644
728
394
195
423
11
13
19
3
16
31
819
21
718
19
132
48
10
39
708
783
69
120
12
838
119
126
1
432
31
107
29
247
17
7
1
486
684
1
349
886
177
22
31
81
26
154
24
15
5
24
769
14
8
15
245
358
11
2
9
857
6
456
84
427
20
15
53
167
11
187
136
588
14
193
886
120
13
14
132
405
77
15
28
26
420
41
794
112
24
523
4
24
303
28
30
8
247
30
15
406
15
32
4
22
1
22
141
56
219
60
355
1
26
35
26
21
786
14
219
986
17
170
151
107
162
187
514
27
66
612
8
23
189
585
308
21
15
30
3
65
637
834
177
79
34
24
413
794
16
225
14
94
8
980
592
584
91
87
15
897
40
148
24
166
48
18
8
25
146
24
289
238
24
980
16
807
10
25
131
670
9
27
191
263
63
24
238
23
18
11
19
155
18
18
2
791
12
233
90
29
298
212
3
300
513
5
115
8
156
30
1
28
204
621
150
14
317
256
853
215
149
21
31
28
240
2
3
236
23
23
227
7
189
13
18
14
282
11
26
111
104
91
800
13
13
236
53
6
129
212
239
25
98
937
13
23
28
181
12
413
13
164
190
14
15
22
131
12
7
567
167
800
751
35
713
167
30
160
52
56
90
755
23
14
49
953
13
27
854
7
30
877
27
466
11
32
23
56
13
491
624
665
6
25
29
21
15
47
22
25
123
32
191
574
23
192
7
58
772
21
123
551
133
225
45
66
1007
24
694
26
231
7
134
202
11
16
121
92
12
77
18
356
108
13
8
242
4
168
129
872
10
8
158
92
769
25
18
597
158
753
205
6
13
231
466
564
2
253
30
249
157
175
32
257
83
16
18
929
750
27
3
162
31
219
155
11
221
10
21
205
30
234
1
1
81
89
898
946
970
47
600
32
7
207
106
23
68
931
32
26
1
191
603
845
174
239
13
548
154
31
7
219
522
12
6
31
146
12
771
15
20
23
7
780
17
139
24
24
6
5
26
374
872
3
4
29
31
254
313
17
16
32
254
370
2
20
125
4
331
67
19
13
27
28
249
28
18
176
7
722
167
10
4
27
15
605
23
860
13
22
239
924
654
1
613
153
195
331
158
815
36
23
775
215
20
29
9
149
7
22
9
26
2
203
13
611
1
807
206
233
14
698
824
884
716
27
25
892
45
9
667
4
241
505
535
22
437
10
4
245
682
241
30
21
170
14
68
4
547
205
29
23
25
413
28
32
4
17
17
462
17
909
1
207
39
226
245
16
237
2
89
23
699
178
9
3
62
205
101
6
228
365
165
23
18
58
158
12
721
138
560
779
109
591
223
27
20
26
27
242
488
12
25
18
224
26
867
168
75
945
13
31
967
68
533
177
578
16
273
17
6
29
661
6
37
16
3
8
217
740
12
147
160
383
980
308
8
825
7
19
243
131
44
13
31
348
65
679
363
203
32
18
28
7
57
24
32
282
10
194
25
29
18
44
370
9
1
11
29
5
353
54
943
14
354
123
86
268
164
19
218
20
17
23
200
241
447
219
13
310
225
28
27
153
111
42
31
3
359
20
290
136
11
1
28
17
7
22
14
5
206
144
16
92
14
6
522
9
27
774
223
13
100
306
15
45
102
11
153
28
249
723
182
216
23
31
45
17
27
23
31
57
113
12
236
15
28
12
3
74
161
566
25
8
30
173
916
14
481
32
103
329
745
198
51
239
245
688
154
18
217
14
4
2
1
217
764
3
205
2
5
15
236
1
213
974
10
355
25
221
1
2
26
157
32
20
13
159
29
5
8
221
208
522
30
86
822
5
552
12
806
2
17
238
876
30
373
247
54
24
20
5
439
546
124
734
793
953
60
20
78
194
60
15
536
6
30
25
117
247
17
6
217
17
56
120
150
15
30
23
23
17
26
32
655
604
32
6
18
15
18
247
12
11
25
59
1
857
158
4
12
707
716
675
27
26
30
981
15
52
1
161
35
33
59
222
105
16
801
18
32
27
74
11
27
606
25
7
11
954
93
24
9
24
147
32
1
12
18
100
94
23
24
68
3
118
13
4
52
142
19
3
17
418
495
14
288
576
29
36
31
115
29
805
87
40
11
27
12
165
14
32
31
36
11
6
193
83
242
112
211
125
226
20
283
559
17
171
184
11
26
90
151
15
28
516
9
79
14
111
825
85
154
844
16
4
32
956
3
950
24
7
209
10
29
30
30
25
26
28
173
503
4
8
204
678
23
504
200
32
64
28
795
15
104
181
17
72
1
23
422
23
19
2
841
14
176
32
15
826
32
106
52
7
395
14
16
207
166
557
238
24
5
170
2
23
16
45
21
88
23
292
229
184
158
251
28
132
1
27
735
126
16
28
5
910
242
675
11
27
212
932
39
18
4
375
5
10
26
251
712
12
341
1011
58
7
1013
214
247
24
30
507
936
2
19
13
8
8
10
977
602
409
26
15
388
35
19
29
1014
185
31
268
27
6
22
30
910
21
12
225
19
25
643
103
465
829
23
7
716
486
792
32
1000
21
122
18
154
15
13
235
538
8
21
5
421
14
29
730
6
163
4
1
7
572
29
28
47
161
144
193
1
185
3
228
803
7
939
10
180
995
19
598
32
230
26
2
15
5
992
232
255
996
13
31
357
6
588
28
296
5
744
30
120
157
24
17
13
73
210
931
17
754
96
57
29
217
11
12
305
244
17
184
421
18
229
818
30
509
59
244
421
4
359
9
731
12
185
17
15
961
660
27
232
11
11
5
29
3
6
404
17
710
179
2
203
10
60
168
9
188
249
25
905
27
12
849
11
26
14
274
10
26
4
1010
43
760
3
813
805
21
24
171
14
399
17
21
21
18
82
18
66
6
168
2
304
756
150
24
5
913
124
7
9
256
940
13
198
25
749
244
213
1018
210
711
142
5
20
1012
593
8
483
183
694
6
242
32
21
22
155
190
10
12
528
111
7
27
32
20
13
16
693
928
7
9
16
519
5
182
448
26
213
81
7
17
162
21
118
23
939
135
479
941
30
20
181
18
669
245
13
8
613
120
401
11
3
15
13
244
24
2
12
7
29
24
29
9
13
147
67
64
8
14
280
805
652
270
4
134
722
1
394
132
29
702
28
198
151
160
9
216
69
31
29
10
24
14
238
912
17
24
61
808
31
111
24
29
25
19
9
19
309
135
32
22
11
106
91
161
987
373
32
935
753
162
24
13
621
277
6
31
234
228
18
352
28
31
18
158
666
26
4
20
6
985
43
101
9
15
3
29
28
223
21
22
494
111
112
888
436
18
419
857
29
7
21
33
16
495
707
9
276
13
156
4
17
347
29
243
11
26
106
10
230
158
18
162
250
98
30
196
34
29
179
16
711
70
32
30
13
388
677
5
19
12
43
898
202
801
20
18
12
568
642
168
29
103
802
39
462
32
18
11
8
69
10
35
10
222
17
193
31
159
203
1
930
15
23
16
17
93
18
85
3
25
142
15
21
224
15
22
472
824
61
7
4
22
604
2
1
20
19
113
14
996
84
7
6
1013
28
8
169
772
9
18
55
21
19
26
771
36
33
129
29
19
24
118
57
45
915
23
4
29
28
158
243
283
368
796
6
6
27
3
28
16
428
184
8
18
4
159
16
567
25
71
224
581
25
2
187
21
10
21
124
724
3
11
144
240
11
15
256
173
9
372
82
399
62
213
16
16
26
96
28
7
99
185
5
25
14
7
211
519
308
114
22
5
2
10
17
233
80
17
19
88
231
74
81
23
861
134
32
571
7
253
8
189
302
284
3
158
103
108
111
109
175
14
114
15
4
992
1011
708
835
26
18
808
26
115
203
646
12
11
14
597
6
761
207
9
129
656
3
16
4
14
12
57
11
125
27
7
12
408
6
242
107
376
212
205
49
31
19
32
181
174
887
76
5
211
936
7
29
29
839
136
352
431
90
6
4
710
116
97
28
222
901
128
706
5
211
29
210
22
30
6
47
11
667
9
49
18
878
30
15
13
50
17
720
26
6
779
221
27
238
18
255
18
4
27
15
18
5
18
47
7
17
17
6
244
8
7
650
326
32
20
6
144
889
29
94
16
81
234
76
4
8
23
674
17
243
12
32
10
523
32
82
297
745
25
52
25
5
18
30
1
751
170
234
88
28
97
708
705
189
24
26
192
4
17
32
2
954
17
651
21
250
15
953
175
464
10
196
51
16
195
1
368
157
457
228
4
837
63
17
17
30
870
22
26
775
23
19
9
61
22
19
317
17
32
7
551
79
300
948
7
30
537
159
37
20
9
35
432
245
11
102
5
426
16
236
1
122
811
27
541
923
164
8
31
12
28
248
632
464
3
13
32
18
145
30
19
18
497
117
31
17
144
235
28
30
247
791
212
26
25
178
4
2
44
2
12
105
31
200
9
439
176
24
28
855
7
12
320
27
12
19
167
87
160
152
24
3
30
2
7
29
12
12
16
24
4
19
156
6
12
164
6
37
395
221
32
938
378
30
607
21
20
15
24
23
13
4
7
11
19
64
19
