8192
152
182
174
137
172
142
683
558
711
999
158
170
167
178
147
177
164
1007
721
958
167
177
254
529
138
187
170
180
929
166
172
149
133
158
386
158
132
664
933
139
129
165
185
145
140
181
154
171
166
182
661
185
143
140
145
572
374
135
132
137
144
920
25
135
135
137
200
137
811
162
130
183
492
187
140
159
133
882
183
133
186
137
146
769
158
145
179
151
173
528
266
155
132
133
146
7
173
160
14
159
99
160
236
171
135
151
168
181
174
129
574
130
191
183
784
486
154
190
244
174
189
168
162
538
175
139
185
485
164
173
542
62
156
1000
175
139
129
130
149
243
174
688
180
130
916
311
180
855
169
148
510
150
160
390
157
188
559
107
255
853
134
164
172
28
178
154
171
132
650
151
135
130
167
175
134
181
139
154
130
65
887
717
143
883
183
147
166
162
419
175
183
154
84
131
348
144
138
186
180
611
66
166
152
143
158
14
132
192
187
161
160
162
607
176
65
394
763
46
148
145
160
147
131
162
155
184
178
133
169
184
184
183
571
949
727
181
146
149
159
149
140
158
1005
867
145
169
986
152
936
400
141
173
179
256
134
417
475
168
166
524
181
190
156
174
868
184
130
155
133
738
231
155
445
144
152
153
23
185
129
361
177
945
534
174
181
188
172
181
162
154
156
276
179
185
182
129
136
172
182
371
146
733
141
129
522
528
181
117
176
140
541
171
194
661
163
331
167
144
140
167
257
166
985
158
178
130
319
167
130
982
189
172
179
146
173
189
167
160
198
583
245
179
140
185
138
173
165
160
139
144
167
174
133
56
186
132
183
136
160
152
139
151
192
154
189
452
130
357
143
166
189
170
663
174
539
163
175
144
136
180
165
136
182
181
187
186
129
154
732
139
165
165
176
155
517
178
497
186
474
192
148
136
147
106
154
181
185
182
996
158
167
603
151
163
167
191
167
148
181
187
132
165
168
137
176
148
267
155
191
158
123
158
147
57
137
82
156
129
188
65
144
92
2
180
266
126
183
153
471
140
181
159
366
147
153
147
160
147
160
103
136
186
156
129
357
132
137
169
153
181
134
192
186
175
134
632
162
138
963
190
189
182
133
733
155
168
149
155
554
2
451
131
182
159
530
608
754
442
178
417
162
148
374
957
166
134
299
418
376
171
171
937
662
652
394
678
700
661
701
685
693
672
19
866
641
648
938
656
880
701
696
217
776
696
664
671
665
653
468
687
703
879
661
678
648
681
772
478
643
645
664
624
676
653
889
651
641
677
681
696
676
648
702
260
660
652
680
68
677
647
668
387
685
674
667
583
642
650
704
663
697
610
684
704
812
660
641
643
659
696
699
666
837
673
229
482
601
672
955
679
663
623
816
643
676
736
650
698
642
919
421
674
692
663
690
689
696
645
667
682
680
646
113
644
670
669
691
805
699
183
703
696
813
367
643
647
642
683
703
695
811
815
699
691
651
13
504
672
687
737
944
687
635
681
675
154
655
1
352
190
888
566
657
467
672
703
696
568
644
656
690
678
664
279
769
704
676
647
661
682
513
413
661
684
652
770
649
690
642
649
693
677
679
659
659
693
672
686
662
685
687
668
159
704
877
915
290
678
687
763
271
679
679
660
689
648
688
676
645
641
377
836
949
624
704
696
905
404
648
154
693
737
674
698
695
700
664
670
699
691
671
656
694
675
648
646
663
192
682
407
255
874
641
322
675
468
678
664
669
73
698
668
823
924
436
238
670
695
691
542
830
701
687
661
687
681
661
198
669
134
691
661
652
679
645
663
656
703
480
649
660
651
689
700
682
661
646
686
329
3
655
660
517
666
798
690
689
947
673
671
645
137
807
695
333
667
578
818
659
293
686
701
654
696
944
660
659
695
679
698
673
677
641
693
29
618
665
696
618
668
980
687
662
475
308
685
52
641
670
619
668
686
440
694
697
686
652
682
671
695
654
675
693
662
101
80
644
690
654
258
689
682
661
241
226
260
652
660
664
641
354
671
679
680
897
660
696
682
647
84
643
816
669
653
670
654
665
671
644
693
682
857
274
744
690
674
698
150
688
701
959
123
659
683
682
437
664
698
520
334
693
658
210
153
957
340
311
127
681
737
554
695
696
657
695
729
645
864
817
696
1002
653
279
659
687
681
231
671
695
643
695
194
371
657
666
676
667
690
658
697
665
678
660
649
670
696
682
641
655
83
689
926
688
675
850
662
664
699
677
641
370
851
967
658
644
677
688
701
691
659
701
663
693
651
677
698
666
351
657
665
648
821
688
665
514
661
697
657
646
567
699
686
323
704
115
60
679
673
667
590
697
691
822
285
138
873
138
185
286
136
138
463
143
158
151
304
133
136
186
207
67
172
970
175
190
129
666
637
144
438
87
176
189
137
184
478
857
182
180
140
164
180
160
421
72
142
168
171
131
155
479
172
153
155
140
182
154
576
175
798
181
136
253
707
134
177
724
177
235
141
390
780
137
339
163
180
213
132
179
142
805
163
169
848
145
396
368
147
155
148
180
175
156
131
168
584
189
943
140
156
547
168
166
137
145
880
186
182
160
169
166
164
158
186
139
187
144
175
164
165
143
149
188
176
141
384
177
151
142
606
893
170
179
145
184
179
144
142
152
138
141
172
133
142
163
801
189
174
165
279
166
176
164
152
780
158
1012
152
254
176
940
169
36
129
178
187
133
179
700
172
171
136
169
133
529
163
142
148
174
169
164
168
181
392
158
141
161
1004
196
177
546
139
918
162
497
251
183
144
129
134
804
131
136
155
134
131
267
78
178
171
992
178
164
184
147
680
163
159
201
315
153
606
139
151
607
148
527
147
838
134
155
257
625
21
183
149
178
704
159
139
671
168
143
159
75
174
460
482
133
188
618
795
149
192
185
180
189
173
133
173
148
144
156
138
38
155
701
157
185
626
138
166
408
142
840
887
147
154
172
186
183
188
248
165
173
162
132
156
182
136
133
151
756
164
246
375
179
183
168
161
183
128
410
163
537
136
175
338
139
157
998
848
175
142
168
805
161
140
647
139
134
153
185
130
163
340
152
171
177
168
141
152
162
294
186
161
137
807
150
134
172
183
323
161
191
105
164
378
130
163
142
161
317
174
735
700
386
799
192
694
180
1024
387
161
162
263
148
179
185
102
743
178
444
137
375
892
150
150
167
159
142
136
189
142
150
135
766
177
174
142
146
187
176
172
146
143
177
131
918
181
141
143
271
161
171
149
191
154
686
457
171
179
724
185
163
152
1006
163
868
47
359
812
813
185
181
152
148
168
173
167
164
155
141
172
164
187
140
184
133
926
154
147
564
192
183
147
140
188
164
148
150
176
208
140
160
181
160
166
174
173
1003
140
129
187
171
187
169
546
163
184
954
519
503
155
138
255
140
313
139
702
600
155
175
140
182
133
148
81
148
178
282
814
146
186
153
146
138
130
151
172
168
139
146
169
157
108
141
874
154
186
154
172
180
181
172
168
650
671
703
643
680
752
700
678
654
656
674
685
490
493
661
664
1019
669
665
706
659
662
554
685
534
517
660
559
890
689
667
660
676
658
707
650
681
660
904
370
656
220
676
661
760
665
663
607
663
702
273
689
696
655
650
643
698
683
493
703
796
556
885
649
697
660
687
617
673
700
669
854
19
130
651
652
648
685
694
685
641
661
674
48
644
530
683
671
693
700
678
657
646
702
690
668
648
663
647
653
254
678
698
690
693
77
658
736
759
857
667
673
670
681
696
703
659
657
572
656
780
696
694
587
691
670
654
663
662
660
671
645
693
685
658
71
704
700
654
665
666
654
680
642
641
696
676
672
690
277
687
663
676
693
669
641
9
690
644
681
617
666
691
685
659
655
537
774
676
667
691
689
655
700
661
704
695
1015
681
419
90
666
695
752
697
649
55
946
703
697
178
701
191
657
671
659
692
638
645
689
661
696
666
691
420
657
683
305
691
765
664
673
647
644
702
668
662
702
657
655
684
641
251
644
646
413
678
684
649
687
650
670
671
15
667
662
647
109
465
61
660
548
559
680
854
669
687
645
646
674
212
997
695
381
1016
693
649
27
993
644
692
625
703
697
238
1012
643
661
670
655
663
815
686
674
180
702
347
969
680
83
697
657
684
686
682
188
692
781
661
701
671
287
648
416
672
664
648
648
670
687
642
696
675
653
160
895
704
365
697
647
665
698
643
674
677
780
664
399
643
697
704
362
328
591
442
215
777
684
650
650
665
646
649
964
674
671
940
673
694
160
700
813
680
129
683
653
609
651
675
694
704
669
695
664
704
3
660
665
695
665
650
685
253
680
859
708
674
671
646
697
653
665
699
237
992
647
686
680
663
258
678
685
962
341
656
677
421
667
1005
691
675
657
377
675
677
660
671
646
363
700
703
504
961
686
671
652
652
816
943
17
903
673
473
511
901
687
673
700
696
668
573
688
662
691
669
121
647
678
678
529
112
693
641
643
682
696
655
665
685
656
677
687
648
671
669
667
686
653
696
674
682
645
685
644
699
926
665
652
702
643
890
698
648
526
953
645
966
703
887
685
698
702
669
302
700
692
693
663
695
801
685
668
683
660
136
678
658
695
647
682
743
415
656
600
795
691
685
252
696
645
700
676
666
680
688
692
643
696
647
160
51
724
145
135
166
149
158
136
131
187
187
168
174
133
159
962
188
175
189
157
184
143
145
173
140
167
147
154
147
170
172
180
182
164
414
143
457
147
185
142
179
191
61
439
161
141
157
142
367
9
665
775
266
165
245
130
206
162
164
189
922
173
884
166
331
179
743
138
140
149
710
96
103
38
47
466
185
184
413
767
188
182
211
177
178
207
150
157
975
158
144
182
168
185
176
167
139
153
161
153
170
545
150
153
168
168
163
179
131
175
181
166
681
190
150
151
776
184
691
549
175
162
145
641
182
157
177
158
181
576
596
152
149
154
161
154
805
132
147
184
163
701
390
522
492
364
138
226
263
174
165
129
534
1005
160
143
183
169
538
319
153
393
185
643
185
142
147
152
129
151
169
182
36
186
603
191
439
837
709
134
68
185
187
750
177
150
144
179
150
208
136
573
135
251
932
152
165
802
168
320
165
348
142
184
800
152
74
190
168
133
152
139
184
136
141
170
187
165
181
186
170
173
191
164
161
146
1020
395
160
784
546
173
170
93
166
180
170
132
260
393
185
20
139
71
217
176
715
174
162
376
319
130
173
130
192
129
164
34
192
186
588
133
186
171
192
154
162
497
346
129
829
739
164
163
162
134
126
560
170
180
175
176
138
139
497
189
543
130
139
142
178
349
200
918
162
153
150
187
130
137
182
156
162
50
152
160
221
562
143
178
183
341
930
180
71
15
182
181
132
145
839
177
164
148
186
155
885
173
148
602
139
139
10
138
173
155
301
181
178
190
191
506
172
166
170
131
176
150
73
144
555
137
146
145
138
185
401
140
944
164
962
144
162
139
181
188
182
179
171
771
133
159
155
172
138
137
165
550
152
191
874
172
719
184
145
86
904
846
636
161
160
151
328
987
167
390
606
155
436
130
154
187
435
132
157
190
191
172
182
141
158
188
155
258
143
147
452
274
155
190
148
726
169
896
137
155
164
175
296
156
145
173
157
184
953
135
139
131
135
132
182
845
154
162
630
282
110
152
142
78
958
629
143
160
136
134
153
158
149
544
156
72
184
390
181
145
175
174
132
792
141
138
164
778
150
191
167
814
139
523
154
176
778
190
109
186
158
190
139
149
247
530
382
192
163
141
1007
176
129
803
187
149
463
154
344
206
188
139
181
619
188
425
175
133
687
672
666
667
693
704
560
659
669
662
845
368
495
677
699
654
576
698
656
663
700
672
659
680
700
819
301
654
651
643
643
698
647
659
642
747
679
921
654
681
654
677
673
654
656
687
690
644
652
661
673
690
689
679
690
642
658
644
304
783
663
663
69
663
678
683
695
693
678
662
701
174
648
655
917
697
662
682
471
442
704
378
980
682
649
682
643
195
649
702
145
698
672
652
646
663
675
370
958
298
650
988
651
688
658
673
649
1004
657
642
767
663
647
588
853
659
660
418
292
254
649
701
701
644
732
17
675
685
647
226
466
704
190
675
672
660
703
666
697
695
684
658
332
644
666
670
245
657
51
685
664
694
703
671
707
694
647
328
537
672
671
701
685
664
886
656
995
158
672
795
594
686
339
671
697
161
685
686
702
672
665
672
668
691
655
368
700
647
677
682
901
681
702
666
831
654
694
244
688
976
657
587
685
52
683
379
656
644
767
693
654
869
644
652
679
644
678
503
644
432
659
696
462
676
557
674
663
814
746
759
670
659
674
689
648
700
700
667
850
146
694
649
667
652
823
660
688
689
647
643
648
672
685
675
694
642
652
620
656
672
261
259
644
19
652
648
701
653
110
687
387
642
349
670
969
987
1007
682
669
487
163
644
676
701
668
688
703
695
663
694
675
657
647
692
696
694
654
689
744
956
655
691
507
683
734
648
902
650
654
701
550
652
147
868
678
652
644
96
90
650
663
182
725
688
624
273
704
688
690
643
697
696
675
646
664
660
642
670
690
44
658
681
687
661
658
242
685
405
699
656
877
645
700
655
648
658
688
691
685
668
685
686
641
650
665
688
1019
683
699
684
657
642
682
642
656
669
647
642
661
654
652
689
653
655
659
699
93
674
689
672
659
700
640
698
656
783
674
728
659
653
534
684
677
672
141
660
684
642
673
688
651
652
682
683
688
698
651
687
692
504
644
675
669
659
699
775
668
669
275
699
79
200
685
813
379
657
697
664
46
496
658
656
645
668
698
676
334
189
653
665
698
978
695
676
676
682
666
252
915
682
679
693
652
545
691
682
703
945
782
695
687
669
779
672
777
688
666
115
975
969
673
644
646
701
649
651
686
650
684
927
652
772
658
693
661
649
86
666
646
670
572
677
210
670
206
696
434
681
681
125
652
682
143
425
141
141
172
632
25
764
175
69
182
154
284
173
174
146
190
74
862
192
97
363
153
190
473
631
162
191
158
140
156
162
416
511
137
419
620
647
133
17
152
184
239
203
173
167
155
432
159
177
182
231
164
178
277
131
140
163
192
191
139
151
156
730
270
20
166
136
192
149
170
143
137
87
141
54
180
143
657
154
131
168
132
159
152
143
206
53
170
241
947
188
158
168
150
141
828
143
189
514
183
182
182
629
599
153
137
149
138
171
716
883
180
176
135
130
158
335
263
147
375
690
159
143
487
871
171
146
134
187
170
20
134
153
523
192
186
270
146
163
135
181
40
152
140
184
492
396
170
188
176
171
190
146
752
181
695
174
442
146
984
185
158
649
135
192
684
150
174
163
175
101
137
184
184
158
173
176
552
166
161
159
184
270
266
157
141
951
487
177
376
33
593
505
180
574
780
183
713
165
350
160
131
637
129
185
163
963
305
171
905
147
178
180
164
189
162
141
330
173
360
745
469
413
184
181
142
675
150
393
187
878
176
690
183
382
171
180
277
161
168
943
547
177
1003
187
188
130
176
135
178
161
158
180
79
184
440
766
185
323
832
154
184
137
185
134
176
146
145
134
788
173
160
188
174
181
917
163
164
176
186
405
145
852
179
185
116
187
184
135
870
145
997
157
22
142
176
165
120
153
155
190
184
140
52
138
170
166
138
145
620
168
150
171
885
178
174
163
150
182
668
167
489
164
183
153
171
873
145
189
130
839
663
132
160
150
182
131
172
966
165
178
173
431
160
134
775
160
184
142
132
541
149
132
172
211
447
663
156
137
130
145
164
334
187
134
192
185
198
140
98
760
632
278
181
134
298
155
183
76
187
302
351
147
185
131
135
175
271
179
405
132
640
999
147
149
159
139
181
171
847
145
159
150
157
139
141
135
497
171
129
331
134
753
195
692
180
131
142
190
150
163
184
161
141
159
948
160
477
114
170
155
828
146
170
348
160
159
877
348
405
149
132
180
76
182
172
149
181
186
173
188
35
154
140
140
176
146
948
173
190
996
142
287
222
160
401
164
169
192
189
131
171
158
129
183
142
155
129
143
163
163
176
185
188
163
177
172
176
187
162
151
475
158
174
142
156
139
638
819
144
175
149
430
12
173
391
187
165
414
787
182
687
436
672
684
992
714
860
679
687
461
656
655
696
16
671
698
652
2
657
673
679
641
346
339
645
648
690
668
652
101
333
647
929
691
663
689
869
668
657
38
699
679
657
84
655
686
687
659
624
687
656
184
658
171
650
646
154
663
394
647
684
666
339
704
686
657
645
697
287
667
642
684
653
285
694
643
647
645
646
687
661
681
657
673
604
204
668
684
701
647
668
647
663
1020
540
482
666
699
672
695
657
670
676
868
660
444
659
679
525
667
689
683
644
654
684
703
665
655
667
645
701
581
475
679
641
675
666
663
683
689
673
660
678
644
696
657
679
697
668
725
698
702
537
980
799
673
677
692
664
695
683
57
191
815
651
676
694
665
695
677
695
659
643
701
950
691
688
691
642
728
31
90
680
649
694
478
906
87
671
701
662
909
680
674
530
965
692
682
673
671
696
642
662
913
648
675
675
703
651
692
44
122
680
673
688
578
953
651
696
695
11
689
684
986
660
673
646
701
662
972
693
697
691
693
787
817
343
728
680
762
616
671
1013
653
387
656
656
687
534
669
857
622
460
685
654
644
670
702
672
695
676
646
688
349
663
695
644
57
590
22
694
682
1007
48
101
233
685
689
641
703
677
654
676
674
680
702
669
672
733
681
659
656
667
673
676
504
681
674
653
692
703
671
681
692
654
641
101
19
696
652
681
673
919
824
692
140
678
676
663
978
32
655
653
336
832
663
666
680
647
643
704
791
701
785
663
661
645
669
668
703
231
687
703
688
649
656
665
670
679
670
655
653
724
666
670
102
644
642
666
662
512
628
697
674
906
645
665
686
694
15
651
673
683
691
665
700
154
697
687
695
1003
660
642
630
857
657
642
692
671
677
686
455
700
690
895
647
692
650
704
645
693
92
670
684
691
658
648
64
695
691
598
702
153
800
658
687
666
699
689
660
655
659
670
664
668
689
659
676
702
676
668
699
654
656
696
423
686
646
662
686
661
661
647
655
665
667
497
706
649
693
59
673
701
672
662
657
698
648
697
671
691
696
646
669
675
651
390
692
694
443
665
686
625
671
638
698
669
692
684
684
537
686
641
697
682
584
689
651
672
682
688
646
657
645
687
649
670
138
669
228
681
436
703
699
652
651
668
769
409
661
582
674
25
682
663
678
650
672
648
197
695
77
188
627
500
182
639
186
434
899
523
172
64
747
184
162
168
8
171
170
189
611
169
153
152
191
130
880
162
657
927
169
562
189
635
717
677
152
186
151
142
143
151
147
182
131
298
714
140
597
158
178
130
129
131
176
178
134
536
156
134
147
163
188
186
181
188
180
168
222
167
349
188
131
189
177
149
179
161
521
146
185
699
339
183
169
179
466
148
139
149
141
169
149
667
159
163
150
172
185
139
926
165
167
277
135
166
320
956
129
857
139
149
179
23
169
915
852
146
164
131
162
171
784
178
926
1001
186
404
133
142
104
994
129
136
190
847
169
181
189
132
234
133
163
166
155
347
168
935
136
188
184
181
80
192
183
129
178
308
189
153
41
184
1014
511
146
143
601
144
173
186
171
144
664
572
940
146
137
141
180
176
131
180
453
132
176
949
155
147
171
803
165
297
159
137
151
741
177
132
143
454
182
141
186
131
905
136
144
12
137
191
148
187
157
138
387
454
147
151
187
84
190
866
146
190
148
179
158
192
181
490
176
172
504
134
831
149
433
164
186
160
169
137
190
129
174
147
157
135
131
137
138
481
189
179
141
182
184
176
182
178
597
191
158
162
972
214
182
142
170
926
138
178
186
790
143
192
157
133
152
156
142
180
628
176
159
963
380
152
660
137
662
149
138
192
993
853
181
295
155
178
156
133
145
158
138
134
186
171
102
166
186
173
182
363
23
131
157
149
937
151
276
159
173
715
223
156
443
174
144
168
179
156
183
584
165
145
169
139
322
312
164
164
181
146
655
435
137
173
136
140
166
575
568
140
436
991
148
867
159
176
146
140
224
682
164
557
173
188
158
191
170
155
168
157
155
169
79
396
185
135
167
947
173
144
181
822
387
190
182
379
519
604
170
168
190
133
238
182
146
138
176
767
188
150
34
166
188
133
116
160
145
148
133
142
137
163
156
185
132
56
161
160
154
179
757
50
145
496
141
144
148
165
144
168
174
186
167
129
645
131
324
148
129
84
188
369
136
177
180
393
280
535
171
488
189
131
172
180
174
160
182
177
131
782
179
155
141
165
135
153
168
170
152
181
135
183
300
170
178
854
880
94
143
147
154
31
189
183
161
408
135
157
45
190
641
426
165
644
164
698
456
148
649
132
141
176
142
147
164
480
357
162
192
543
644
644
669
686
662
655
655
655
647
658
672
658
686
649
646
611
641
661
601
119
686
834
655
687
687
666
671
658
833
441
686
680
163
650
645
658
996
650
643
646
660
429
659
656
674
690
688
666
905
672
703
901
663
225
675
720
661
694
661
653
693
686
697
688
671
632
693
940
693
647
646
713
6
643
690
519
226
668
687
664
524
658
672
986
703
700
393
649
677
652
692
670
702
677
806
837
682
687
487
1006
692
666
680
665
684
680
176
679
649
678
691
367
453
906
286
699
345
643
701
673
681
497
691
704
794
686
671
672
642
670
675
475
679
695
926
670
700
237
696
674
665
652
702
682
689
777
647
676
650
691
668
673
675
662
690
248
686
691
704
743
43
696
674
694
665
679
697
141
700
645
681
674
656
772
619
699
427
1000
607
466
666
688
683
648
700
692
677
656
671
355
251
672
654
688
767
687
686
692
679
367
701
693
695
684
666
641
688
665
677
697
695
647
793
676
665
695
678
676
691
697
661
703
669
710
670
401
581
663
702
390
663
659
693
672
690
652
700
881
686
650
696
699
959
889
663
672
651
679
47
667
676
892
698
685
656
12
75
686
558
670
1001
662
483
670
698
686
664
674
701
696
689
830
767
564
689
641
660
659
791
686
672
643
692
699
659
662
483
650
674
180
686
642
187
668
666
211
703
662
671
698
693
503
685
457
694
669
655
806
675
809
641
779
948
118
658
665
693
12
976
661
669
686
646
359
691
705
670
691
670
668
657
668
689
626
645
666
196
645
692
698
641
644
925
661
111
214
662
153
645
673
673
686
651
692
668
686
645
672
697
676
677
759
688
815
669
934
188
672
691
688
865
703
685
662
672
666
266
662
656
659
52
694
661
673
649
658
656
783
649
656
704
666
655
641
684
841
651
642
923
675
696
288
674
682
650
691
679
400
666
923
690
664
690
702
681
670
900
693
658
691
95
710
686
672
669
691
669
651
695
641
707
686
651
642
644
675
703
670
671
98
692
687
685
656
649
686
644
484
674
698
692
641
645
654
397
643
698
553
646
691
674
691
998
257
650
773
696
338
659
994
114
960
860
283
675
693
656
669
702
498
694
660
499
659
687
682
720
704
671
656
662
344
668
671
660
659
686
197
677
578
658
645
536
431
680
681
155
666
652
674
897
179
190
173
177
137
188
445
277
571
690
108
161
556
648
822
162
181
577
131
148
149
4
263
129
175
88
188
176
480
150
63
154
149
161
173
147
184
179
146
185
596
134
122
370
164
179
135
423
169
184
141
170
179
161
32
163
133
182
120
459
168
187
13
597
154
189
187
480
531
176
1014
182
139
159
131
149
168
604
381
197
155
145
146
219
180
616
159
150
179
132
154
733
157
143
154
907
472
160
906
166
945
143
182
154
186
143
174
671
149
144
178
138
190
377
990
154
163
152
181
935
183
184
986
182
147
435
139
157
863
169
469
182
18
130
173
164
131
159
174
156
517
608
39
138
949
184
156
134
487
129
138
169
177
140
151
545
136
130
149
164
138
1008
140
200
154
283
168
177
152
164
790
259
166
160
140
764
179
183
146
134
934
817
158
139
663
227
164
143
988
138
143
815
166
182
183
532
162
147
155
181
545
186
180
180
192
318
535
1007
798
149
158
149
532
691
793
167
786
142
163
159
130
153
488
752
150
149
159
638
192
159
182
182
147
188
140
144
168
174
125
69
440
191
152
215
178
139
130
161
187
145
141
189
190
179
1
133
476
148
188
131
597
132
133
133
684
159
192
140
180
140
191
126
247
187
169
451
189
164
181
139
174
146
159
136
189
183
292
455
147
161
271
7
160
131
158
183
139
771
165
139
145
172
146
163
366
137
170
135
789
169
97
191
169
173
512
295
586
429
768
139
137
178
130
138
156
190
151
594
168
165
158
174
188
261
146
192
169
145
1002
166
747
285
182
562
192
180
150
152
130
162
514
964
192
934
573
133
415
191
156
75
162
183
138
192
841
159
645
154
178
376
171
176
144
803
154
853
138
980
149
185
651
42
191
34
130
165
144
978
192
192
188
143
167
176
150
191
170
189
1000
136
143
86
608
132
170
144
186
200
499
162
136
190
529
140
149
148
175
143
162
212
382
129
192
463
135
149
147
699
160
895
169
149
886
359
176
141
186
150
568
174
179
178
73
397
154
187
173
190
152
14
437
150
294
181
191
183
963
575
167
135
131
152
174
158
131
131
183
159
191
132
159
176
300
176
153
142
154
174
667
655
191
136
168
95
510
165
517
171
131
192
876
176
880
188
151
608
936
131
151
150
164
149
847
932
146
150
298
181
472
189
189
189
362
652
672
692
677
643
695
687
703
682
132
692
657
770
657
648
653
16
695
659
661
539
692
657
908
681
423
646
687
702
642
654
520
721
664
643
663
655
494
688
641
666
699
218
652
654
611
679
670
245
700
685
696
681
690
652
651
327
104
676
692
696
661
677
653
675
666
696
673
669
669
647
337
672
648
248
672
901
642
647
569
657
304
999
699
164
659
699
698
696
685
198
660
691
704
666
704
740
145
650
721
649
678
701
776
703
649
680
718
687
926
665
679
105
648
702
700
687
693
683
671
248
662
680
592
642
199
655
643
665
691
1017
688
656
494
681
689
699
188
664
687
656
679
677
684
650
669
647
652
800
654
323
162
646
663
716
681
665
624
751
697
602
667
659
696
50
650
174
48
676
699
686
720
51
759
70
659
367
697
658
651
695
16
658
478
790
667
665
684
680
661
698
680
414
691
678
47
673
645
641
663
651
644
672
662
680
681
200
670
675
519
745
173
744
664
646
656
412
659
653
978
691
702
900
775
275
641
693
42
997
700
655
670
252
973
946
434
703
676
140
700
673
660
642
671
585
660
666
662
665
979
676
690
131
389
661
55
656
669
693
695
680
647
316
391
703
642
642
654
700
675
677
702
434
661
602
6
668
681
648
227
696
646
774
902
672
238
696
672
660
255
672
109
748
684
696
641
693
685
698
687
703
691
43
342
703
693
694
972
669
311
397
675
674
103
689
655
687
578
681
675
687
698
644
682
685
881
658
670
689
682
651
661
704
681
671
163
652
643
687
68
679
694
667
703
653
675
696
680
722
650
965
834
665
688
672
646
680
595
17
648
495
681
646
692
369
689
421
656
697
655
283
687
542
700
654
54
650
641
661
703
650
704
132
676
60
389
688
586
702
647
668
666
687
681
666
691
702
200
699
669
673
645
977
691
938
105
849
84
657
692
658
677
669
668
697
649
688
695
233
526
574
692
1000
679
666
866
680
688
655
1018
347
692
672
666
644
641
91
685
659
689
795
684
703
707
548
685
473
694
670
696
664
893
669
379
680
13
663
702
666
688
882
198
687
836
964
585
353
375
702
775
219
748
692
654
647
687
152
58
698
531
658
682
681
793
57
697
682
700
666
921
662
677
654
702
90
292
668
674
652
670
695
674
672
645
690
647
654
690
660
693
169
569
189
480
69
170
675
144
153
162
782
858
170
268
164
161
44
732
132
177
170
157
174
154
129
189
170
47
172
648
161
606
148
184
130
171
139
145
172
153
867
190
129
297
169
157
192
152
818
354
175
167
394
158
162
845
158
163
146
166
164
148
749
883
157
143
170
137
148
160
174
156
168
190
152
180
190
129
242
137
63
181
753
129
180
146
131
814
134
144
147
147
131
983
138
167
154
140
157
144
182
165
188
172
28
188
143
134
864
140
137
134
174
852
156
886
614
182
373
545
162
1009
57
161
143
531
135
155
579
134
144
169
761
167
893
176
933
162
177
183
148
470
159
34
178
288
960
147
862
640
923
161
167
464
171
133
131
143
822
411
152
186
860
154
162
147
374
547
165
139
161
185
921
827
134
182
174
168
168
176
162
589
154
194
142
85
236
176
857
1003
139
672
868
132
156
131
512
148
142
172
178
154
134
397
340
171
628
999
188
186
148
190
166
164
172
161
152
174
690
613
481
176
183
182
180
174
150
150
150
177
801
140
129
150
292
1014
156
135
148
183
192
744
141
707
153
129
130
161
153
506
185
318
234
130
187
148
129
159
151
168
169
324
137
151
161
154
498
299
969
155
165
183
142
165
185
186
165
166
181
134
189
140
188
159
176
42
871
133
160
182
133
167
180
148
173
149
1010
138
152
150
187
132
169
140
158
178
161
586
624
950
206
172
188
1006
789
168
143
169
150
166
831
962
143
145
182
182
956
189
431
146
64
190
141
176
149
131
183
170
715
881
151
167
180
148
356
312
191
169
152
153
699
172
172
177
151
140
255
113
25
133
138
663
178
703
134
934
143
192
159
144
332
131
29
102
155
373
794
161
132
171
1021
182
151
541
152
114
182
819
173
186
329
587
830
131
138
10
51
149
169
148
178
188
959
191
181
163
163
161
161
169
178
180
156
129
140
171
167
129
184
181
135
183
862
185
154
162
179
185
136
187
187
135
913
131
653
152
135
500
169
145
213
362
142
177
187
765
148
236
135
172
187
445
141
185
930
632
151
964
161
69
802
131
188
143
139
143
159
163
190
173
173
159
465
181
154
136
146
175
164
130
130
161
160
679
181
515
185
163
146
152
494
103
190
147
185
149
132
231
180
495
73
181
160
47
192
132
129
163
539
766
171
143
160
660
670
653
401
494
694
654
656
694
700
674
106
694
693
693
676
665
977
500
676
661
693
28
652
643
677
691
665
669
28
297
646
641
704
642
688
678
230
311
677
650
699
877
642
962
977
698
695
684
691
754
701
672
684
619
673
678
650
22
668
558
701
698
701
701
601
178
813
653
654
675
650
664
675
666
646
679
668
390
657
650
546
691
641
649
951
646
961
656
673
884
697
700
665
669
642
647
679
617
677
983
218
671
658
645
641
653
379
801
665
661
659
702
661
697
903
682
23
861
654
40
471
645
690
644
665
581
704
431
217
558
646
663
535
551
646
697
677
318
371
642
683
702
682
652
530
655
669
693
696
329
697
20
675
774
651
698
679
642
141
696
647
694
655
662
677
699
681
703
677
654
541
652
677
1005
686
160
654
695
680
700
652
675
643
678
652
665
310
651
664
665
232
671
656
702
701
644
664
391
249
671
689
695
654
641
661
675
698
689
700
865
660
683
689
172
700
650
664
694
270
698
666
650
665
679
648
572
255
535
515
885
681
651
699
268
681
663
681
1023
698
696
683
828
224
687
694
652
669
627
680
664
680
667
658
700
673
697
182
677
674
652
692
684
1000
650
697
676
546
797
686
689
696
696
895
270
645
681
662
846
673
673
265
677
705
644
399
683
696
690
79
667
644
665
578
177
633
659
647
559
657
656
657
679
652
682
646
675
823
700
696
702
681
643
657
757
708
28
149
681
394
674
223
444
652
641
960
675
241
698
914
125
661
654
318
648
656
654
671
652
662
663
689
704
641
671
657
1023
114
865
655
721
658
697
643
699
688
641
701
696
670
648
689
661
669
642
661
699
795
643
645
531
649
422
305
691
5
660
307
687
656
692
678
696
965
673
693
688
397
685
695
655
646
697
702
673
701
953
652
691
689
672
862
63
150
653
682
704
767
702
647
50
704
672
480
679
157
674
1023
692
652
698
658
673
950
984
420
653
504
679
666
270
647
697
643
681
562
455
417
898
684
693
648
671
981
700
668
698
664
675
745
647
661
672
949
505
729
661
583
681
49
282
680
858
663
648
658
669
665
658
696
718
699
667
506
689
685
679
646
673
898
675
635
688
723
830
687
658
697
651
677
643
984
648
643
704
15
651
701
680
685
698
667
1010
683
696
832
503
685
665
70
648
681
223
163
735
131
155
141
147
511
182
145
967
231
143
159
167
164
179
167
144
161
145
481
464
187
943
602
184
185
144
156
161
184
191
176
179
787
138
649
172
188
146
160
187
157
166
961
218
504
189
426
169
132
148
163
637
162
612
408
169
162
567
157
192
133
391
163
1024
301
167
467
178
4
160
132
599
129
321
136
144
953
144
133
188
668
168
143
167
135
177
156
167
148
692
135
169
132
784
164
162
577
166
447
223
130
173
166
166
137
153
172
652
787
153
913
714
150
186
190
162
155
628
137
1011
154
135
190
177
191
161
152
975
543
158
148
183
578
844
162
132
135
182
131
411
257
169
725
154
158
170
943
525
137
668
146
134
135
132
518
134
191
157
896
425
572
19
134
161
163
92
161
146
167
187
161
131
188
137
164
192
178
409
170
129
320
509
304
150
164
283
155
252
152
454
148
160
182
346
163
581
162
184
706
163
182
372
557
149
190
612
1010
627
133
815
629
129
147
168
708
184
139
165
483
142
650
643
165
142
970
151
182
839
137
678
155
162
144
159
153
257
666
14
131
173
601
141
748
160
172
189
182
177
144
107
155
178
142
187
141
187
687
145
150
760
145
181
183
152
145
134
157
186
172
139
139
488
158
179
159
172
135
614
143
180
168
247
115
175
145
181
147
197
160
148
188
150
184
135
136
174
14
173
967
192
154
552
721
130
523
145
183
162
144
555
560
180
168
192
444
187
32
157
158
144
297
187
120
463
152
161
149
174
132
170
182
799
157
140
181
746
729
1001
135
137
177
137
156
142
132
167
448
546
167
141
749
143
181
172
163
1010
498
131
167
870
129
186
135
167
164
162
176
191
344
181
168
67
145
169
129
166
850
175
142
179
180
149
170
1023
879
177
1004
244
166
144
191
159
158
141
166
973
417
160
187
174
585
155
157
137
140
161
137
158
165
131
140
887
157
129
165
167
189
818
192
199
971
321
132
148
162
498
134
154
276
161
148
151
702
181
199
138
260
193
120
147
161
152
136
178
142
162
443
174
173
142
188
154
182
174
151
142
185
159
136
763
174
148
189
456
152
138
189
129
158
136
392
190
156
303
138
159
172
654
384
186
163
274
578
156
204
176
186
714
202
27
182
164
157
135
488
177
167
295
799
181
586
198
170
138
49
962
773
591
144
978
434
680
663
702
792
682
929
663
584
492
609
669
655
680
421
642
704
659
645
988
704
669
658
695
315
89
693
682
8
775
696
662
692
691
678
260
668
704
713
645
151
657
372
683
641
666
285
693
663
463
643
680
116
691
671
694
689
676
177
703
683
281
678
699
658
652
658
686
687
802
667
702
642
676
82
644
339
646
689
491
664
571
177
868
263
697
676
679
675
665
697
179
855
928
655
532
699
691
695
698
704
691
677
177
674
676
318
533
700
642
684
989
674
697
668
684
668
1015
699
656
682
685
690
699
699
114
700
665
436
724
163
671
701
657
679
650
692
658
693
635
692
649
76
704
686
26
667
661
670
670
653
648
694
690
704
662
432
654
670
675
667
209
257
687
663
668
270
707
679
756
672
653
697
656
683
704
652
665
673
642
112
651
660
820
701
144
553
127
652
328
659
662
664
653
655
668
998
678
665
685
660
695
62
263
659
664
664
649
688
681
50
647
651
690
502
784
675
657
659
700
585
646
902
681
1018
675
958
666
688
39
650
682
651
688
661
683
656
693
700
354
682
660
687
886
346
642
647
652
662
670
678
638
684
654
692
672
298
588
663
701
682
657
430
709
682
656
653
689
675
646
664
743
647
692
514
645
686
303
257
666
651
660
669
666
676
687
692
682
643
667
361
531
661
667
699
750
676
635
694
663
643
667
21
295
985
652
537
698
665
616
1005
686
704
671
670
928
659
686
861
124
181
180
695
998
704
675
688
94
688
652
643
655
696
649
674
385
524
656
658
677
913
703
684
656
834
857
657
1020
703
940
502
643
660
661
676
668
396
661
48
665
211
695
699
967
663
647
698
654
274
60
173
669
689
689
700
642
652
681
689
12
665
646
695
676
694
220
693
656
644
689
682
663
292
667
386
661
641
676
693
865
142
649
688
677
688
654
646
696
676
203
659
560
675
683
694
666
664
698
652
655
677
330
646
701
695
578
696
654
671
686
693
675
657
696
698
294
332
679
704
299
652
659
148
689
677
269
766
652
681
555
701
164
652
693
695
643
649
682
87
699
1015
693
686
662
1023
650
49
899
652
650
176
678
672
581
687
680
652
661
219
671
700
673
670
664
683
700
661
681
783
698
658
642
45
691
694
183
662
368
690
382
645
884
643
650
861
306
648
683
701
653
699
