8192
187
798
106
369
184
125
71
137
385
140
229
178
941
124
899
77
961
121
211
141
238
86
122
89
171
83
162
189
114
67
106
225
210
61
439
134
144
87
94
108
159
167
412
177
307
188
198
171
113
157
221
91
121
159
157
508
600
147
183
192
144
202
147
107
133
76
231
152
74
211
84
68
80
123
147
156
176
1007
136
151
160
77
76
88
197
32
75
187
103
881
1018
214
151
662
130
112
65
198
124
166
66
711
96
28
175
416
62
117
164
103
98
711
144
149
176
119
126
120
23
130
190
475
179
177
35
115
68
113
167
121
233
195
133
72
152
826
116
113
157
191
186
152
137
123
77
60
175
81
520
668
143
78
124
145
161
189
185
199
180
484
304
109
158
86
209
130
880
98
960
86
191
156
107
175
83
381
214
119
72
32
197
601
131
181
96
150
198
112
91
122
903
393
394
179
113
36
57
74
133
167
918
481
672
162
195
214
207
144
167
836
36
88
202
982
89
209
822
937
303
77
107
149
947
278
57
110
204
952
119
177
210
131
157
422
171
177
243
875
165
157
313
86
132
74
140
129
183
155
297
152
243
197
198
234
260
120
52
690
138
148
133
730
77
183
97
902
164
122
149
193
155
197
165
38
249
920
123
108
105
165
129
282
941
217
199
156
748
153
137
166
96
210
113
216
525
104
118
751
114
150
135
237
195
100
745
148
187
158
115
150
158
216
177
120
272
233
180
196
185
995
111
162
203
140
229
388
164
110
79
607
106
200
157
559
95
237
116
170
178
192
591
180
200
202
189
181
620
102
75
158
128
191
269
207
214
153
100
422
158
225
122
105
144
1021
144
433
931
160
224
112
266
176
40
119
180
96
190
143
524
118
148
238
140
178
209
186
174
727
125
607
350
192
165
187
120
270
236
61
91
124
90
515
210
101
205
262
126
962
198
156
134
215
497
184
282
123
896
188
129
123
235
156
123
158
746
117
196
175
221
246
148
193
120
155
202
251
175
41
230
184
179
207
197
822
106
86
533
138
278
183
261
252
97
967
137
177
165
710
917
135
141
151
95
1001
152
547
264
132
173
186
118
236
235
200
536
103
192
130
183
932
124
142
165
129
141
251
167
183
243
303
181
85
158
383
105
315
156
132
177
265
208
181
230
126
149
250
255
228
251
236
79
110
593
69
223
163
137
229
287
222
139
120
157
353
403
209
169
120
189
122
77
1001
183
148
941
80
465
131
202
159
139
367
138
132
142
201
146
147
192
176
256
186
91
209
140
224
230
270
241
267
229
587
1012
121
145
176
38
982
148
162
181
854
190
190
149
265
973
182
161
841
536
285
152
171
165
213
116
241
163
170
162
147
198
876
167
356
227
214
243
163
145
308
817
171
210
173
731
854
171
181
202
929
168
235
167
724
183
190
101
199
163
128
921
145
116
987
238
127
243
175
192
191
206
193
247
176
276
673
159
175
683
315
209
206
205
135
1011
212
874
181
139
129
220
687
152
270
759
245
131
186
124
127
205
231
237
455
129
239
183
415
183
193
74
239
177
162
207
184
225
210
113
484
220
202
125
337
233
193
292
210
149
603
192
444
128
608
229
193
264
761
249
166
187
167
211
163
884
165
669
127
171
267
213
272
225
186
87
278
217
122
174
269
152
175
139
170
185
228
200
785
210
127
259
191
112
222
187
259
160
244
108
192
216
186
400
205
543
251
187
212
254
145
469
166
175
209
158
255
312
192
223
448
216
145
197
175
238
236
43
143
126
244
194
238
76
215
233
168
254
219
204
833
196
197
698
267
246
221
182
245
797
620
166
212
17
176
781
264
464
790
154
307
129
396
214
165
251
135
212
146
197
181
199
209
208
221
919
119
298
178
1002
895
201
145
1006
456
250
161
189
788
958
226
151
189
190
163
190
178
201
140
1000
268
209
113
270
359
147
144
197
156
191
194
289
139
139
240
271
280
893
258
7
160
95
829
233
133
168
167
229
714
122
201
347
218
955
163
183
191
188
969
784
246
244
276
222
255
899
176
213
234
725
936
273
95
170
980
521
364
219
598
316
208
676
255
124
242
163
485
395
265
621
258
763
128
726
359
179
181
209
208
175
228
283
420
182
202
171
297
225
192
1009
279
214
169
172
246
240
239
252
214
203
247
135
270
424
668
194
216
267
172
286
202
185
248
222
261
472
132
251
208
271
211
950
214
174
208
235
121
958
244
199
273
262
256
896
232
224
503
240
216
221
182
859
189
40
203
261
214
301
50
227
239
255
793
234
641
268
223
758
195
254
262
116
278
91
226
776
213
372
213
162
232
253
465
182
211
234
277
220
99
266
195
1002
191
229
145
237
191
232
282
353
195
279
247
161
245
260
239
240
308
209
188
629
223
256
267
193
169
175
896
840
547
214
613
328
283
262
706
981
957
198
833
182
231
156
170
577
212
187
193
273
234
31
183
308
261
178
169
349
780
147
466
212
211
472
268
247
578
210
278
217
271
342
185
215
507
247
9
820
198
217
184
60
222
359
257
186
194
245
179
272
307
173
133
139
250
258
270
196
964
83
123
208
264
824
22
265
188
220
127
200
796
195
743
203
193
813
939
268
155
242
321
269
278
330
301
229
342
902
307
192
230
215
281
244
238
251
207
147
182
140
165
231
238
383
278
205
222
174
246
250
155
196
274
285
310
183
801
267
888
290
283
386
269
213
835
742
285
162
314
327
241
301
292
723
47
191
283
167
236
221
205
553
261
592
185
273
980
168
251
83
771
344
155
333
238
1009
221
289
878
816
272
187
342
548
238
299
472
310
146
211
238
321
122
229
174
891
264
263
313
864
329
310
220
240
317
282
604
185
180
87
90
198
221
219
490
316
285
263
444
566
215
239
260
197
223
589
250
219
283
276
268
255
254
255
240
237
178
729
634
264
241
360
381
282
301
154
281
110
940
796
975
310
226
284
322
328
263
304
319
827
266
297
225
256
242
178
214
358
232
433
251
223
212
331
102
493
311
203
229
266
197
223
220
295
113
282
418
295
249
249
282
158
262
282
189
265
338
9
209
174
188
295
243
324
592
262
312
257
202
241
234
349
194
136
585
225
215
73
329
309
236
199
329
231
219
301
333
238
216
244
201
276
551
300
199
515
244
249
195
333
274
321
208
328
268
295
205
317
236
66
283
248
228
270
241
242
362
821
250
393
231
239
255
263
273
103
258
327
989
261
162
284
327
213
105
256
298
268
298
353
219
491
255
310
323
229
209
889
183
249
310
222
236
864
312
263
308
164
301
297
287
171
339
279
288
307
298
409
288
230
293
284
274
269
237
260
280
266
316
264
166
173
229
248
300
309
262
268
283
340
264
682
285
237
281
344
210
337
255
209
281
196
719
131
307
243
257
248
273
300
295
266
190
340
470
614
284
305
316
238
315
242
295
856
127
243
297
253
277
229
261
219
215
229
202
304
209
246
967
302
361
327
461
486
335
156
274
334
94
283
287
283
259
279
993
409
256
281
241
289
173
373
347
290
268
270
254
276
261
347
253
329
309
261
479
194
212
996
240
241
475
989
314
494
701
264
315
294
234
297
262
276
272
251
242
269
865
344
341
202
286
1015
288
333
250
234
257
222
242
348
850
142
227
241
70
440
530
321
235
249
179
344
280
321
288
267
348
321
328
220
312
308
279
219
225
198
462
146
229
296
122
201
236
300
355
446
604
281
235
169
884
134
202
243
256
332
293
261
319
206
295
221
333
326
74
676
160
225
26
246
308
246
306
267
462
270
317
906
106
362
638
205
292
242
247
215
875
413
319
277
355
286
567
255
270
267
293
368
283
258
273
332
193
286
253
245
281
385
245
311
751
8
931
46
250
329
642
301
284
317
237
74
62
247
323
274
185
257
301
944
361
138
873
320
315
308
778
282
243
602
801
443
142
317
332
329
238
319
300
249
196
332
314
331
243
272
219
240
267
308
325
403
337
216
305
300
345
258
327
243
264
511
251
302
263
211
338
381
256
142
298
289
793
260
293
319
292
1002
198
317
272
745
344
257
289
296
281
816
761
62
259
153
350
290
967
210
258
268
564
287
214
346
355
239
278
313
254
355
237
330
269
291
250
183
282
545
943
277
645
292
301
646
241
231
299
278
327
303
290
245
385
80
314
311
375
286
278
252
481
347
180
339
261
223
280
390
262
222
281
322
940
368
249
666
315
254
853
820
182
324
594
315
262
295
222
306
300
931
270
303
281
350
270
504
363
590
312
821
527
261
316
295
704
315
377
297
347
372
264
266
334
369
351
241
173
296
298
754
770
290
272
294
281
265
483
264
303
302
1017
358
296
358
356
288
348
271
272
196
265
393
915
323
269
343
352
268
233
356
316
301
274
312
276
252
193
191
266
396
267
390
256
305
222
476
201
766
662
249
333
359
285
897
291
845
268
211
726
294
350
280
239
263
296
311
271
669
228
138
253
315
247
765
371
311
699
315
200
323
244
329
283
262
241
304
401
341
338
360
314
299
606
287
309
238
683
246
332
53
248
238
317
74
939
363
838
286
285
321
350
295
296
353
393
497
366
292
364
279
290
371
688
296
807
302
925
361
236
397
373
256
323
300
482
214
312
975
338
359
385
305
275
220
270
295
860
683
251
336
325
325
424
355
308
493
154
784
275
413
317
762
276
337
302
330
339
300
832
347
285
850
337
279
347
342
346
424
261
287
400
299
297
312
385
323
434
258
714
401
460
26
312
268
282
342
326
273
250
357
319
839
389
945
329
302
338
298
89
354
295
340
290
363
368
347
259
369
283
303
215
94
340
433
286
269
351
340
335
356
340
389
284
309
400
48
367
379
290
678
336
186
345
343
308
596
449
342
319
399
336
368
425
254
291
314
351
474
303
302
286
395
308
318
775
356
344
370
386
324
353
351
383
283
378
324
377
332
277
159
312
423
364
365
801
266
382
451
397
318
355
338
736
554
253
269
267
936
407
277
406
383
293
100
644
447
339
367
288
429
237
368
391
368
772
401
279
332
388
443
309
399
315
315
322
338
398
445
348
397
285
380
399
348
298
874
574
979
328
535
361
403
326
317
29
305
298
239
253
357
686
344
393
348
301
367
171
367
296
207
440
339
108
825
143
221
343
403
291
599
427
319
290
386
489
407
341
329
352
321
179
297
406
678
345
392
821
356
110
539
683
398
281
371
354
64
333
333
842
471
328
314
342
380
299
337
335
294
378
350
287
351
418
28
354
319
553
331
323
300
309
382
359
274
350
325
1007
334
322
517
955
320
344
970
373
217
310
337
347
325
240
426
274
442
994
376
293
368
355
336
365
295
342
275
404
346
364
408
333
337
342
366
362
624
349
246
110
410
463
361
307
351
371
171
296
364
329
482
66
5
358
400
371
856
44
451
316
324
266
183
357
376
357
393
615
367
372
320
276
265
373
489
379
173
392
82
326
373
326
890
536
326
439
378
336
368
782
417
334
822
383
439
476
341
332
396
506
154
78
394
352
129
31
577
393
171
374
325
645
322
373
330
987
226
376
392
618
299
374
345
388
439
408
524
355
648
398
342
316
284
405
238
376
374
391
61
51
486
1000
393
398
285
338
367
262
497
287
374
343
360
295
610
625
356
405
553
367
506
400
385
393
601
497
365
284
53
403
172
373
397
320
255
371
441
426
378
428
390
350
430
405
340
261
328
384
431
434
285
433
110
384
445
345
488
335
355
413
392
535
985
332
355
401
486
425
992
805
319
400
534
354
48
997
340
579
975
480
538
774
35
415
400
413
339
325
351
371
372
360
413
389
8
387
364
343
413
832
22
197
612
162
365
288
400
362
342
407
589
353
403
410
750
380
464
424
465
354
357
406
360
299
372
300
285
290
457
348
1
520
341
398
446
311
362
341
467
416
465
403
427
382
380
221
360
319
431
639
346
341
367
415
371
305
398
457
413
148
418
943
332
394
34
381
329
402
659
388
387
136
449
425
379
373
332
346
330
373
348
353
341
337
380
392
370
317
304
377
637
65
636
384
363
388
475
820
403
388
433
365
304
92
883
361
358
327
395
264
404
631
64
577
314
530
657
393
579
368
344
740
402
403
404
239
389
357
393
397
367
350
347
328
355
639
397
343
455
409
407
415
792
408
404
313
448
406
37
833
109
373
422
118
426
370
375
366
429
340
168
425
445
49
446
719
426
318
391
356
588
496
425
477
434
231
333
380
88
377
440
436
360
366
381
354
362
390
403
446
344
457
299
295
290
964
404
346
440
397
385
421
344
613
328
372
644
268
354
340
377
255
459
405
391
719
700
965
365
391
458
371
463
442
283
366
435
449
378
410
402
1019
422
231
433
324
446
389
399
416
456
445
648
444
409
288
188
195
26
385
444
370
368
376
451
406
307
759
317
408
399
635
349
492
285
336
374
745
361
385
1019
289
453
340
348
369
412
336
370
355
145
418
326
437
429
425
484
378
380
347
455
568
378
438
300
494
330
389
435
415
360
649
432
411
418
396
386
352
276
985
422
598
430
576
370
365
471
366
384
437
406
565
365
355
218
395
372
153
392
412
418
326
409
496
441
380
381
360
396
380
21
333
309
412
736
395
450
495
368
480
434
216
344
434
416
333
384
414
388
844
305
111
322
367
401
354
386
439
430
486
375
369
356
357
350
397
519
412
399
344
27
356
367
380
488
470
458
387
429
922
404
386
402
393
347
565
425
328
362
945
332
143
478
444
365
132
441
459
498
435
533
319
441
451
423
444
326
390
402
656
516
427
869
311
401
847
462
315
380
337
422
891
639
416
381
353
451
827
354
404
406
458
467
332
314
353
422
382
387
444
442
498
404
418
5
409
423
474
382
372
404
470
423
365
811
359
254
367
609
336
443
399
1019
330
481
473
406
431
366
434
397
433
503
467
789
366
200
391
454
469
397
442
380
450
455
449
979
407
432
449
348
938
422
460
504
550
426
370
429
313
472
147
571
387
370
478
405
420
427
444
448
478
461
831
729
441
487
378
500
344
556
424
761
512
419
117
36
415
359
582
105
384
468
473
446
214
421
488
427
410
497
317
449
414
368
524
428
377
444
506
700
451
413
405
506
777
109
364
387
340
72
418
453
376
384
297
412
807
428
391
502
355
383
278
451
480
400
394
429
693
377
470
408
469
423
356
643
433
461
472
396
257
415
417
477
414
355
438
679
443
406
385
434
379
11
595
384
450
457
470
388
366
448
390
379
478
463
474
419
317
443
42
438
401
504
467
419
399
360
476
464
889
431
418
487
198
377
513
334
448
410
484
409
416
474
465
450
410
528
434
723
447
453
384
75
413
547
387
474
491
437
466
396
374
497
413
790
487
386
502
663
347
741
389
460
330
346
616
407
979
385
439
723
966
402
452
477
444
76
392
821
380
482
412
470
721
233
514
782
851
452
544
429
514
793
431
375
349
498
306
327
460
487
480
514
14
912
399
580
434
346
459
469
162
600
435
889
139
334
433
431
88
435
462
434
863
549
792
178
464
936
432
480
472
815
344
535
491
506
779
487
675
491
480
380
429
320
164
435
399
439
427
423
511
455
698
438
479
406
460
427
525
390
459
442
455
532
420
722
686
456
429
442
455
443
489
457
417
434
20
437
105
418
434
440
503
478
437
315
470
429
550
438
501
472
444
601
489
138
411
538
448
455
455
428
524
460
410
509
469
974
462
283
465
309
470
359
637
462
834
401
276
495
407
617
449
427
235
369
979
385
574
478
567
437
424
464
402
630
444
389
429
427
404
368
735
493
451
451
371
374
587
460
410
500
517
988
562
490
469
431
396
414
485
478
410
509
337
496
32
881
389
419
353
551
428
493
436
699
886
463
498
426
458
506
717
514
445
548
391
57
455
507
240
495
466
500
1008
467
681
820
731
485
464
444
798
482
454
484
511
497
835
481
482
113
210
411
456
399
469
827
458
415
470
524
320
505
464
440
656
450
378
487
415
485
403
497
519
986
459
444
508
659
533
480
500
481
479
470
444
475
522
515
564
506
434
476
412
463
448
513
488
456
621
525
450
455
597
432
937
74
510
524
454
507
477
547
585
467
418
406
418
511
929
433
401
427
459
507
525
455
518
526
467
515
413
711
434
468
530
485
599
465
408
531
425
687
481
865
571
406
487
423
449
469
546
509
447
380
488
516
523
447
514
541
494
360
579
371
732
488
562
456
737
438
455
445
403
490
502
455
337
453
509
784
443
503
473
497
411
452
417
450
396
461
554
540
538
454
466
545
485
521
474
319
534
450
639
529
100
507
440
483
502
477
849
491
453
417
432
437
465
101
524
442
472
413
995
430
430
254
519
494
505
540
310
359
477
645
469
559
431
487
419
474
451
463
496
363
455
450
517
523
398
419
495
458
541
503
446
455
509
268
526
546
447
478
1001
391
496
854
487
480
803
401
394
623
610
503
422
424
468
841
336
367
475
487
488
426
474
147
451
544
452
401
478
371
424
387
570
979
523
465
459
207
697
392
507
482
413
415
505
552
495
21
469
566
403
241
25
498
447
590
538
376
482
506
268
89
505
706
485
488
485
552
461
480
483
535
440
534
392
415
59
233
514
518
56
530
418
526
494
514
446
464
541
571
428
503
424
423
459
649
245
391
429
420
508
537
419
494
498
714
510
228
549
230
479
947
543
530
445
260
438
487
492
420
145
443
576
530
461
258
28
258
465
503
529
494
565
464
513
409
424
1022
520
630
561
476
527
519
613
436
459
567
479
549
437
13
449
406
432
487
507
165
571
318
553
457
442
473
300
477
856
378
489
356
131
493
481
595
477
439
994
560
128
539
439
464
491
872
479
553
518
544
470
495
800
564
612
498
441
455
792
528
544
496
454
345
487
766
574
306
517
271
508
943
595
550
500
441
489
219
44
556
496
475
479
518
494
411
523
470
909
435
515
583
515
464
698
88
496
403
441
477
402
518
516
705
934
410
505
469
512
451
508
484
489
526
458
445
530
921
765
496
999
409
557
490
453
503
539
495
499
518
542
544
527
543
99
501
437
736
501
465
868
589
85
535
506
588
487
381
520
481
572
503
419
530
725
435
449
516
472
497
525
490
474
185
615
407
579
562
174
870
472
527
486
451
472
141
455
600
540
504
496
743
443
542
448
508
814
594
533
494
415
452
25
555
502
453
429
553
531
109
487
505
485
590
562
488
543
466
570
522
571
338
497
486
511
542
472
512
451
510
585
529
457
232
585
818
593
561
561
560
611
539
477
430
532
506
508
515
514
491
542
503
674
398
213
549
747
542
497
505
542
439
441
512
554
478
562
494
844
359
532
521
461
520
456
622
509
455
439
494
512
586
477
596
105
360
422
604
143
527
513
616
510
593
822
607
474
516
484
613
565
529
464
549
302
542
82
502
488
486
434
371
363
466
472
647
494
495
529
569
555
540
515
463
574
123
586
498
462
393
563
170
527
527
927
517
355
560
494
523
507
11
384
557
486
857
499
574
534
603
505
522
559
70
468
655
510
583
638
532
477
844
567
528
578
586
978
576
471
531
86
605
542
485
430
421
523
536
329
613
746
976
355
535
558
452
966
537
237
541
481
244
599
506
565
475
507
551
779
386
512
352
552
596
668
817
577
519
453
584
420
516
481
993
661
857
545
592
513
535
534
655
623
599
470
533
699
525
532
230
589
532
571
506
560
472
423
451
567
543
516
561
556
716
560
572
525
84
551
294
581
811
522
954
641
619
535
557
542
405
516
483
748
550
543
534
477
569
534
531
29
537
550
515
547
575
503
522
605
83
531
414
523
559
541
454
545
585
548
557
555
505
540
159
548
566
521
835
701
485
513
632
596
497
539
502
521
903
508
513
556
537
584
683
571
478
583
539
601
581
662
553
490
502
307
416
509
502
559
250
593
399
570
504
857
498
579
491
564
492
1006
728
471
433
931
513
545
517
583
497
551
492
308
482
560
498
555
495
480
484
526
509
530
518
550
911
433
606
549
494
493
567
428
574
302
726
494
581
562
573
580
544
603
526
536
571
545
566
555
111
587
616
593
597
342
543
586
503
532
706
640
456
963
554
544
527
483
498
43
433
503
222
625
553
547
524
577
539
578
587
596
559
606
486
612
952
459
528
546
586
460
547
521
452
564
651
881
448
534
556
558
53
617
558
557
572
595
536
185
551
545
617
477
568
605
577
482
486
467
591
512
545
356
543
550
780
645
551
413
534
546
506
532
319
564
582
119
553
581
914
629
194
4
517
575
564
640
604
486
490
597
956
434
609
825
470
611
372
1006
454
545
507
240
533
528
498
492
562
597
533
529
491
690
502
552
590
482
565
496
518
596
494
124
457
556
552
608
534
498
823
562
520
455
563
468
531
521
505
919
642
802
589
587
580
353
584
603
757
550
795
294
962
512
506
557
29
521
530
543
192
589
527
536
535
550
622
592
625
571
369
531
531
593
539
505
481
609
570
600
603
460
543
485
555
571
580
499
894
551
542
566
576
724
599
523
408
490
600
614
593
480
574
922
999
581
535
610
622
744
581
793
572
589
518
592
599
521
592
478
564
103
635
550
578
489
539
911
676
913
590
559
552
537
537
593
526
460
586
602
614
474
634
613
557
649
564
426
461
510
673
548
585
536
548
534
603
605
57
603
585
564
574
615
558
628
580
459
540
549
453
632
521
950
559
52
558
617
513
891
607
310
493
306
634
584
130
607
602
299
310
607
702
399
519
491
549
572
525
289
939
617
811
892
672
314
494
580
585
105
597
441
234
512
521
618
577
573
556
540
356
563
999
446
622
594
337
538
581
525
802
625
542
576
345
693
275
681
516
466
553
490
515
569
622
531
631
604
910
604
585
118
888
614
536
577
253
610
504
655
634
507
834
634
699
655
504
561
601
934
848
555
567
552
572
591
264
598
564
509
598
562
541
272
150
468
648
589
522
555
516
363
599
594
583
538
588
638
628
562
480
673
570
619
559
652
478
486
577
560
599
599
488
527
546
143
582
594
585
601
633
546
529
581
823
594
275
593
539
580
562
629
69
696
576
630
585
632
607
580
582
643
527
538
600
516
897
623
592
527
576
432
525
585
556
575
522
657
562
581
586
552
530
605
587
411
682
609
223
125
556
559
665
585
551
576
550
597
531
653
550
525
520
487
563
594
777
558
247
877
539
650
918
625
551
597
518
580
536
546
179
565
282
590
638
609
736
587
548
298
570
520
577
586
501
86
592
688
563
641
573
751
551
32
613
646
621
520
620
681
556
500
518
566
567
648
536
518
619
489
613
656
616
559
589
588
632
263
577
668
107
548
585
836
638
572
552
585
669
638
601
643
532
644
632
574
10
645
557
583
577
546
554
493
706
381
611
682
625
557
576
590
695
573
656
613
519
636
592
794
652
417
638
122
416
564
534
502
600
916
729
568
641
910
649
409
69
615
662
623
538
623
693
659
521
587
660
612
614
733
620
647
586
651
681
618
600
562
624
649
791
541
475
508
110
595
177
601
627
615
822
574
561
583
532
581
621
620
609
650
534
619
654
901
597
541
558
567
604
608
615
591
649
1006
688
651
586
656
44
371
718
620
695
600
619
693
581
639
701
620
687
625
603
584
603
584
559
543
695
626
659
65
641
607
500
569
634
616
602
578
233
539
615
570
506
554
554
609
630
599
236
643
611
157
596
577
535
620
623
581
538
602
763
426
520
46
675
616
677
612
605
626
679
585
629
684
18
688
599
646
646
634
647
568
863
657
621
536
323
635
625
626
631
640
619
549
586
630
618
565
611
637
601
426
671
592
627
588
640
611
719
622
683
669
816
567
583
527
589
603
685
681
585
550
607
621
638
536
565
616
548
595
635
619
813
726
615
594
592
635
687
606
564
666
575
574
546
684
637
544
507
617
658
582
300
583
637
685
591
573
595
917
613
477
850
906
832
589
727
1024
387
656
690
596
650
628
718
609
641
562
650
602
620
625
25
683
636
594
648
663
552
67
609
909
23
942
857
607
595
595
678
201
694
619
593
672
639
648
362
615
633
529
613
681
596
680
573
619
470
11
606
606
593
647
552
207
670
536
160
650
585
706
673
570
644
653
679
634
742
630
628
561
696
712
694
1014
331
631
574
694
653
98
542
640
602
671
507
516
700
958
657
621
666
750
591
620
916
680
586
605
604
632
645
608
590
672
635
601
707
638
645
559
690
634
205
692
124
616
421
668
684
588
680
690
617
579
615
551
708
367
621
681
647
688
807
71
675
594
753
709
637
621
639
717
612
613
506
624
912
562
664
661
601
617
663
765
877
26
697
715
541
607
671
616
669
587
831
647
619
593
619
712
679
694
656
563
659
580
680
591
392
688
75
610
732
638
604
442
845
531
609
580
684
647
186
649
696
975
670
667
607
668
635
615
654
928
656
642
696
587
672
609
728
627
698
623
535
668
617
658
603
676
654
606
138
637
705
641
696
689
590
722
791
698
564
601
651
684
683
260
700
697
696
600
611
660
717
184
92
589
614
755
555
607
32
687
602
687
734
685
667
55
677
670
685
596
880
631
620
413
682
630
585
661
592
748
654
607
678
609
634
659
656
561
630
162
666
658
175
594
624
812
668
753
725
693
644
686
71
982
657
597
586
620
696
564
161
716
831
605
702
315
668
641
638
540
645
602
973
730
590
678
600
617
706
518
685
241
692
591
652
626
669
718
687
653
724
686
151
680
663
984
681
723
307
638
600
693
721
556
734
887
593
657
670
577
24
628
630
686
690
677
604
672
621
625
163
642
652
688
728
347
686
628
24
696
760
650
395
752
697
1018
739
162
857
659
590
183
659
83
1009
644
580
622
670
692
653
714
601
617
487
647
720
615
698
657
705
672
783
311
663
404
772
595
266
673
691
656
695
665
30
653
532
636
650
274
635
656
652
834
676
684
178
682
636
584
588
235
678
633
606
576
654
628
674
715
701
692
670
642
723
660
681
638
660
596
672
682
675
695
588
644
720
62
605
623
458
743
591
681
186
639
612
640
639
195
640
611
796
718
552
579
608
633
620
694
596
678
669
692
659
698
684
665
902
710
663
699
557
672
683
618
355
197
451
679
501
944
631
657
614
657
714
807
646
702
597
790
614
820
650
613
993
700
728
604
663
933
660
739
707
642
665
665
789
680
691
658
704
679
638
634
688
643
602
635
685
632
479
644
723
710
668
598
719
696
678
666
736
669
613
763
585
632
612
644
745
605
706
670
191
661
616
655
698
674
698
294
570
756
671
675
737
847
643
145
405
641
732
684
484
609
956
669
655
244
598
624
647
653
686
60
414
679
575
687
655
662
970
615
553
458
652
687
50
952
712
724
376
679
686
633
620
489
649
608
598
688
586
1011
421
748
710
261
689
109
778
570
732
666
681
682
409
636
709
274
208
312
620
471
653
704
529
669
626
728
685
690
691
625
702
197
761
661
580
784
654
711
650
699
654
637
549
665
664
731
609
254
628
732
821
713
683
683
954
985
709
174
800
761
671
751
704
680
393
815
644
569
401
762
744
64
646
745
639
700
775
719
771
650
706
770
629
743
880
700
549
671
623
325
456
243
748
686
90
746
734
724
821
355
686
676
683
668
1003
965
732
130
753
729
619
641
655
729
752
766
762
669
641
849
763
607
701
684
311
808
694
656
307
701
613
726
458
716
749
734
636
791
683
624
712
178
654
398
700
722
377
811
684
686
653
732
651
689
799
677
178
646
137
675
708
561
749
722
1023
724
717
707
735
726
671
647
721
614
768
774
80
653
854
655
750
760
782
988
686
747
720
729
709
650
31
631
718
701
699
780
737
717
713
709
614
784
677
70
742
750
450
629
733
624
836
766
667
704
676
774
742
670
700
686
773
373
662
771
674
777
683
764
760
739
821
828
702
751
772
277
661
646
710
684
675
870
716
832
672
690
715
735
451
592
773
757
655
536
644
728
654
652
624
705
667
746
644
662
605
993
152
671
635
679
605
728
707
689
404
717
802
602
715
712
708
583
872
719
598
740
642
739
729
709
655
537
768
698
566
660
700
611
609
747
659
708
824
810
741
712
704
26
744
678
680
661
834
750
725
753
829
756
500
729
659
724
695
693
621
522
789
723
942
764
489
706
668
705
787
158
695
647
864
710
630
701
549
790
71
744
709
938
753
742
786
768
754
42
735
611
733
706
578
781
537
786
686
734
693
355
678
631
764
689
666
696
724
682
733
692
684
909
662
672
703
745
780
749
61
708
724
777
664
696
687
781
700
671
691
738
52
643
709
770
658
439
698
251
795
700
782
159
678
448
675
741
724
205
514
657
681
740
749
756
705
675
728
675
722
695
959
729
696
272
818
730
648
706
719
816
722
757
771
754
686
759
319
755
866
782
255
734
722
709
726
734
731
803
742
723
692
75
784
723
746
744
799
723
700
677
653
154
434
701
727
793
661
668
662
661
673
574
700
761
726
731
787
324
916
615
805
694
295
788
693
988
707
94
787
738
804
615
731
754
704
646
585
671
745
722
710
25
822
735
739
680
740
791
707
661
346
688
781
395
757
760
668
700
795
656
691
769
706
667
963
748
714
698
718
691
721
765
844
768
715
716
893
535
712
777
688
732
738
767
752
684
527
1012
986
689
683
791
652
739
781
660
794
756
760
713
263
710
777
761
664
744
721
413
714
710
723
680
145
794
789
408
956
915
779
725
736
665
883
774
726
867
422
710
808
691
597
734
86
764
572
689
741
431
402
713
576
767
783
736
810
758
723
796
771
693
704
838
465
700
799
765
753
820
782
819
217
119
685
813
858
626
753
680
656
743
106
743
370
805
728
122
781
735
796
787
820
707
54
736
812
725
690
693
91
101
714
942
706
747
762
716
680
635
761
737
902
664
700
676
729
928
391
714
209
708
731
781
391
933
506
494
830
646
669
94
711
764
702
773
779
810
712
789
737
776
739
702
763
860
791
728
787
729
735
782
714
674
787
674
735
755
663
467
722
998
651
735
761
788
755
708
640
729
827
778
733
727
226
728
760
822
557
793
765
755
769
717
692
747
802
758
773
755
687
757
835
795
702
696
720
394
649
810
340
711
828
731
506
742
667
742
647
949
735
750
768
784
766
254
748
700
840
652
799
864
701
759
728
535
816
769
673
737
772
513
753
733
947
797
739
800
760
846
65
772
690
697
690
799
815
735
97
214
705
844
742
77
781
282
110
788
788
775
743
789
666
496
748
31
760
712
723
820
666
737
140
104
727
698
710
889
722
685
774
736
737
735
822
794
699
843
770
757
715
762
702
749
884
725
769
1003
717
693
773
748
644
759
748
747
656
761
285
760
788
693
812
115
755
752
781
861
828
746
982
722
740
964
856
749
845
768
654
751
619
307
700
780
884
687
703
750
759
820
789
522
766
765
732
691
806
808
325
763
754
736
748
340
706
778
804
299
454
14
697
759
747
702
789
737
782
760
576
813
799
832
741
731
870
721
219
664
775
341
686
653
823
762
773
662
802
758
828
547
788
827
713
726
751
151
608
759
804
703
815
733
748
765
825
786
865
695
747
772
732
829
697
557
792
756
702
696
850
752
786
797
756
790
888
748
744
764
778
766
764
792
796
809
761
797
961
507
767
496
773
766
160
926
809
351
734
302
733
46
570
662
777
842
227
739
806
866
805
792
604
141
748
731
617
746
792
750
740
759
821
733
892
827
824
795
766
726
782
785
692
748
840
786
827
778
368
814
722
809
407
809
785
786
770
503
118
781
701
605
771
745
902
761
728
507
788
895
833
348
774
612
761
801
750
904
394
771
728
787
782
783
828
790
952
800
813
577
31
907
719
927
110
815
861
216
818
1004
802
784
896
347
778
824
770
726
200
959
850
769
356
824
804
239
763
781
760
830
762
49
512
775
798
773
798
744
442
796
858
437
835
806
1001
1015
784
761
221
739
838
745
707
787
749
874
738
829
749
804
813
790
665
831
467
713
795
751
680
213
768
712
863
777
755
817
767
792
830
883
788
688
492
779
578
796
767
687
242
790
717
760
263
788
778
861
741
718
804
229
785
408
538
119
781
731
485
751
831
796
762
817
592
777
845
828
344
780
831
848
331
736
393
792
897
63
801
807
829
579
904
565
898
740
89
848
781
808
852
741
792
855
742
756
839
807
851
841
867
754
855
219
795
806
826
691
845
830
876
789
890
781
767
774
936
831
672
809
782
826
808
836
833
908
811
204
863
799
998
805
800
655
862
814
841
742
817
962
829
210
62
744
767
812
785
745
789
774
323
535
812
841
811
785
796
834
800
574
807
739
821
904
397
789
829
798
742
314
820
794
539
764
890
884
774
387
809
787
836
846
830
818
434
783
812
804
746
796
785
816
807
59
826
724
828
707
748
784
787
814
803
858
838
788
824
822
871
653
805
895
779
758
875
855
886
772
792
752
787
859
78
951
778
814
810
824
477
777
790
865
884
792
799
116
9
624
828
765
577
16
252
866
694
853
818
887
765
778
838
807
746
839
801
769
799
842
809
708
928
780
775
818
266
866
722
28
1023
595
898
939
846
738
186
816
883
833
565
740
832
749
853
762
64
792
800
864
845
848
814
774
806
781
857
863
780
227
823
918
876
814
710
817
833
67
796
67
550
371
858
689
744
852
756
846
435
805
769
777
780
803
756
808
828
770
779
756
770
855
762
801
764
255
783
72
771
788
868
803
882
984
988
792
928
808
765
748
891
872
966
894
104
16
1014
817
821
766
848
725
846
841
843
859
138
558
835
1017
443
720
853
772
864
214
869
148
806
814
85
832
775
294
782
756
630
842
749
872
796
851
249
806
863
806
725
792
827
901
851
747
717
792
844
923
841
835
935
821
824
50
210
778
795
350
508
401
832
814
741
837
488
722
849
846
801
937
985
712
769
870
835
839
876
743
804
822
853
866
816
786
853
725
803
817
917
861
777
729
822
861
472
813
860
294
375
794
843
891
864
911
856
832
212
777
755
837
61
808
892
872
822
960
881
740
823
461
856
840
774
812
857
875
838
883
850
804
880
837
753
823
907
783
848
560
381
926
775
827
220
784
896
85
859
915
855
818
810
810
777
910
826
860
711
945
886
824
797
896
885
844
793
844
290
861
807
850
894
810
552
887
801
767
830
822
662
826
871
907
821
750
857
753
822
846
921
97
878
792
828
524
786
867
871
780
901
369
821
857
498
868
869
908
858
903
818
827
859
554
401
861
813
1020
802
754
775
800
787
818
900
778
866
269
855
895
896
835
295
878
818
885
791
829
857
908
803
832
799
772
351
833
883
887
781
786
877
882
796
536
497
914
368
872
836
461
829
835
876
958
902
816
807
861
749
703
844
873
839
871
810
818
821
951
503
842
559
872
444
867
895
817
834
853
822
850
881
781
789
632
719
763
839
870
870
775
26
764
812
760
832
864
191
814
970
800
870
874
831
839
968
925
607
863
769
874
83
883
811
828
909
647
914
911
854
848
803
517
896
918
464
900
804
606
878
918
862
779
855
828
827
882
875
110
861
540
855
5
827
950
849
917
844
901
806
582
829
863
860
659
130
849
816
923
818
810
794
481
854
812
411
811
903
895
903
791
657
905
953
858
507
805
151
910
828
807
816
461
831
843
847
609
862
844
843
839
846
794
949
909
888
883
566
964
947
850
840
325
809
874
805
889
800
897
1008
482
862
841
759
907
820
918
807
864
901
880
908
799
792
831
535
729
703
873
910
862
871
116
882
886
899
352
900
899
899
891
633
869
906
867
843
776
637
892
809
844
467
903
863
850
1023
834
840
907
789
782
883
857
804
820
838
770
818
892
869
905
904
733
806
787
912
875
837
892
1020
817
901
865
524
897
575
989
885
871
891
911
262
434
945
526
837
896
888
851
836
582
807
900
616
853
244
885
810
865
891
908
784
797
844
886
876
946
156
875
822
920
884
816
862
837
999
941
861
848
774
463
866
915
846
69
766
888
217
909
856
870
792
284
807
909
829
887
907
934
893
494
847
799
894
233
863
916
884
860
856
873
959
361
915
878
895
386
870
904
861
906
929
781
894
520
996
666
862
940
114
868
901
925
889
980
518
821
78
861
953
868
13
790
836
880
883
256
796
772
895
841
944
329
792
851
894
900
924
790
847
846
817
840
836
867
879
900
871
311
842
217
911
1020
974
930
941
880
881
898
229
827
867
804
877
980
908
817
953
928
932
904
811
853
612
367
912
968
867
842
898
910
918
803
859
848
140
868
868
591
841
939
882
879
799
867
760
876
892
806
886
936
579
841
917
111
908
862
557
859
877
417
880
949
919
849
783
887
913
281
875
977
826
929
873
941
852
885
818
934
673
883
831
920
422
891
867
942
860
877
950
965
492
946
821
850
966
759
1006
882
859
804
838
887
884
923
831
947
839
161
827
894
555
779
902
410
868
934
884
533
937
965
871
967
896
821
912
442
883
940
385
943
780
158
910
840
849
874
553
897
66
884
308
545
937
992
923
898
476
903
214
854
866
859
964
832
984
880
864
934
887
927
825
1008
961
870
939
917
328
928
781
938
817
849
635
904
727
925
897
865
959
938
600
971
912
928
937
922
962
931
