8192
763
43
33
122
90
565
333
56
953
52
29
889
98
40
15
10
112
81
48
468
29
21
181
588
64
8
93
484
544
713
114
87
54
4
630
36
47
93
100
1
127
8
76
452
109
66
37
961
908
113
15
122
106
4
60
107
3
77
16
408
967
36
95
98
70
839
71
420
96
10
59
12
2
16
102
635
13
103
23
99
68
125
72
245
115
118
113
31
34
72
96
11
43
83
48
87
86
428
776
324
90
103
19
40
101
508
408
74
59
49
814
94
81
21
58
42
80
37
37
15
85
74
455
110
78
112
94
31
376
38
67
42
76
477
37
67
7
22
54
55
73
31
128
107
299
7
88
78
752
201
13
691
1008
34
938
87
85
122
5
33
105
8
45
110
65
26
40
57
23
37
48
116
107
125
84
28
105
82
63
115
123
22
110
819
848
59
95
32
231
31
102
7
29
64
56
3
197
105
45
17
34
12
660
74
73
39
90
50
20
38
102
69
650
1
968
107
66
22
108
978
35
73
17
41
261
113
378
27
110
30
72
71
936
102
327
412
790
106
74
51
1001
33
321
36
110
67
73
21
52
498
76
51
32
100
60
88
105
58
450
6
1
70
211
531
800
319
47
36
993
76
96
121
65
114
24
89
83
76
66
75
125
30
70
47
950
260
34
12
122
510
104
84
594
48
93
68
73
70
45
5
46
2
97
99
103
18
57
552
43
91
49
70
554
30
58
8
81
86
106
105
30
112
281
35
285
5
22
119
560
85
60
151
60
51
20
109
673
55
852
9
67
60
122
16
494
676
125
15
96
27
22
96
71
527
48
11
127
71
794
80
750
147
92
29
38
212
368
108
603
103
199
57
22
65
69
112
36
6
98
672
64
150
273
91
127
102
34
1
70
62
119
688
866
81
55
94
385
92
902
56
86
75
40
38
97
60
28
746
6
127
2
125
84
869
117
91
8
35
63
85
58
48
785
60
52
81
26
65
70
107
88
34
101
80
52
51
21
5
318
388
104
121
57
51
51
480
940
70
29
26
91
71
72
123
128
41
37
124
60
114
52
78
255
257
150
239
3
35
50
40
118
474
703
18
52
20
359
30
38
128
24
107
62
79
59
84
84
23
5
268
48
16
707
89
120
123
99
51
79
25
500
68
240
104
103
730
457
376
373
64
111
305
94
26
21
65
49
89
49
83
4
73
95
73
233
27
93
127
78
753
734
106
82
740
755
311
933
91
13
34
995
50
3
97
56
39
46
123
126
60
82
778
27
286
400
647
53
48
30
54
10
50
43
78
24
37
74
100
9
31
91
7
57
59
121
86
476
54
16
123
82
14
62
507
126
112
111
52
78
61
777
121
639
65
77
84
75
52
9
973
790
953
17
59
127
107
75
534
49
166
867
20
108
86
689
68
55
15
117
382
34
28
28
724
20
19
59
67
72
39
32
107
79
715
339
345
91
160
7
125
84
57
334
105
125
107
107
862
614
13
122
84
32
76
78
51
961
102
357
87
51
237
70
34
11
105
82
41
43
97
114
118
741
80
109
991
69
11
88
114
70
51
95
12
90
45
763
80
21
84
18
42
67
84
97
299
128
995
74
57
46
98
125
21
53
58
90
22
63
68
23
12
108
78
295
52
121
111
15
447
940
125
102
751
526
32
723
13
235
9
903
41
89
635
76
118
25
710
106
119
102
1
464
80
28
6
71
2
59
123
17
97
121
213
802
115
85
109
67
33
32
1
59
4
319
11
112
46
3
117
41
19
57
720
67
83
124
708
44
19
102
41
77
121
32
18
65
23
123
25
1015
566
56
5
118
750
32
30
4
106
9
740
54
894
185
614
26
58
123
436
124
113
991
58
885
69
114
11
17
624
105
30
122
109
63
84
422
116
110
71
48
119
70
56
105
99
38
51
88
122
157
123
713
512
833
736
657
150
2
35
13
355
116
20
109
91
29
21
399
775
121
352
462
50
43
97
116
79
11
813
60
98
249
792
27
6
14
799
124
124
12
332
34
29
12
43
94
70
106
35
106
117
30
122
54
59
671
22
16
65
91
104
115
57
106
67
127
41
82
95
107
79
42
44
32
93
119
35
117
11
38
29
35
115
126
37
70
29
83
119
86
90
95
8
83
104
759
64
65
28
81
49
25
125
804
688
615
150
113
120
185
126
101
83
554
25
86
67
19
11
87
472
604
86
31
60
13
47
22
233
250
17
76
24
73
41
95
125
9
14
102
706
19
79
14
27
82
107
125
99
97
64
25
81
291
35
92
29
93
75
60
38
95
48
24
92
841
979
82
17
19
76
55
107
428
57
102
120
109
85
107
65
5
118
847
191
211
784
181
212
237
145
567
617
191
246
158
162
193
139
157
250
146
149
243
255
176
231
230
153
143
648
160
148
989
142
184
163
243
334
141
161
216
253
217
166
220
203
178
209
195
226
217
202
230
247
290
180
923
665
236
162
212
248
183
210
216
340
219
430
918
169
120
224
169
189
204
131
175
241
197
153
139
135
297
213
254
171
211
184
129
131
786
145
410
140
131
220
173
171
709
876
554
820
148
142
150
343
432
132
130
221
349
238
822
399
241
146
157
208
210
140
477
193
160
150
166
135
132
159
134
822
170
19
179
230
162
244
666
189
550
191
202
177
255
1014
210
223
134
863
347
170
58
360
165
256
146
173
221
222
147
904
131
252
138
129
145
210
209
216
224
112
217
205
211
741
164
663
694
268
377
630
246
185
518
588
231
236
135
244
205
212
132
207
189
855
141
243
94
223
173
217
213
444
180
134
187
223
188
731
79
770
859
146
884
985
207
29
177
709
109
464
140
173
472
500
191
726
147
183
243
214
233
253
551
211
187
131
180
140
195
228
192
175
160
799
131
185
132
141
197
213
173
236
148
135
136
144
92
167
147
203
568
157
208
176
64
166
180
945
252
201
217
217
185
277
133
772
173
510
178
240
196
197
195
302
213
138
150
157
181
217
184
170
203
238
223
212
209
156
150
160
941
229
910
520
146
213
256
188
159
945
154
244
221
287
182
282
150
136
371
138
755
218
889
349
191
193
154
232
248
197
191
181
168
139
157
100
184
685
249
197
148
123
161
201
793
255
133
762
137
170
200
250
201
177
542
849
154
143
1009
898
244
110
240
239
140
354
246
276
222
170
138
167
151
183
83
135
132
130
155
200
238
166
225
203
177
824
248
161
153
175
183
163
805
187
850
776
245
612
170
230
10
935
491
202
134
628
167
318
1017
240
197
209
139
191
234
233
817
141
217
139
165
201
229
176
517
184
144
117
183
591
182
137
207
135
242
148
189
725
25
883
234
377
173
231
209
390
233
178
221
244
63
225
201
392
190
203
129
134
135
221
256
152
154
149
872
164
178
252
235
156
136
212
218
227
531
147
233
239
208
197
182
165
199
253
137
175
892
211
225
283
193
163
237
130
149
244
229
244
153
193
159
84
203
220
158
187
387
149
144
133
148
86
169
255
228
157
277
252
200
161
150
137
248
619
227
217
211
159
205
244
156
506
250
190
134
209
930
148
141
229
220
178
148
853
143
138
675
187
232
38
208
177
161
141
244
197
148
194
687
205
146
235
168
229
228
255
113
198
182
740
165
163
242
155
147
130
209
247
250
178
933
195
217
938
167
960
184
205
130
223
226
201
166
180
162
220
236
223
557
224
238
415
773
217
163
129
252
151
141
201
142
209
182
156
231
166
193
150
260
200
212
257
205
180
963
422
837
844
159
230
193
194
223
213
245
188
226
209
448
202
166
163
168
213
211
249
149
146
195
804
183
203
140
189
159
255
242
372
410
249
203
224
141
432
195
208
203
215
821
236
841
227
359
231
183
231
488
197
185
188
138
255
252
213
213
211
501
928
140
223
140
222
224
221
126
157
555
856
427
220
330
254
201
211
139
185
221
178
460
168
132
168
189
297
155
175
196
224
242
196
189
177
1020
107
232
179
146
193
155
166
185
248
204
154
130
134
241
139
156
64
220
203
207
629
177
213
469
227
188
175
179
912
706
130
210
245
202
132
645
162
213
518
239
254
205
198
201
213
508
226
222
202
993
166
182
149
216
254
915
152
235
213
157
244
248
238
169
207
159
431
170
231
124
152
235
615
188
222
255
101
711
166
885
569
153
252
149
201
256
74
195
493
455
219
60
845
155
185
236
132
222
252
179
179
252
344
195
742
189
171
241
203
237
181
141
202
795
247
216
188
499
426
967
151
176
780
135
178
234
245
136
180
145
146
398
250
163
248
254
130
836
167
135
139
251
195
422
218
228
251
188
229
188
178
330
1001
166
213
247
153
178
236
183
238
137
154
148
204
199
818
140
237
175
195
191
131
151
207
206
217
95
964
185
164
369
253
246
532
963
135
132
716
195
34
610
214
162
139
139
205
233
435
181
1018
474
130
223
248
158
241
245
227
238
180
132
231
173
553
1001
137
171
247
155
256
246
579
206
894
159
256
146
246
237
156
147
214
145
150
224
213
243
949
243
502
242
153
256
183
193
165
891
143
656
305
139
167
171
472
151
194
130
239
797
218
24
173
188
129
246
253
240
186
226
745
251
257
423
203
218
251
173
177
175
152
237
230
441
217
199
219
619
246
562
231
192
148
252
167
962
206
231
138
194
180
960
343
335
370
357
374
353
314
1001
34
322
427
267
345
264
555
368
361
360
384
334
269
330
350
278
299
414
379
376
25
670
707
344
192
503
339
351
383
345
340
346
293
934
274
353
378
259
844
357
334
342
17
547
840
355
421
362
332
377
361
291
604
351
356
657
353
361
972
383
287
338
4
80
327
151
283
332
292
291
277
305
284
35
305
338
354
288
365
770
367
409
347
323
274
323
372
264
982
124
302
796
287
384
279
338
357
272
33
318
305
333
617
221
308
325
277
1013
922
494
342
836
888
346
363
517
345
341
275
674
132
370
352
313
349
693
270
682
348
307
359
300
307
343
843
341
340
293
345
285
379
639
297
425
284
332
358
313
299
302
334
338
285
276
284
339
315
294
155
87
549
268
291
440
711
368
384
363
346
319
261
300
271
314
308
710
281
608
341
360
530
271
362
358
280
333
346
338
342
375
344
577
352
460
322
337
52
163
321
607
779
260
611
477
322
294
270
300
230
346
355
379
323
356
335
352
337
345
281
375
348
949
297
265
288
292
373
264
356
318
331
717
318
334
84
964
209
348
267
358
311
354
302
806
319
989
366
346
287
296
275
326
290
321
309
265
320
383
326
332
259
380
825
364
288
593
322
270
344
617
259
644
297
308
321
381
383
547
272
221
374
287
563
893
283
450
305
440
315
284
332
291
368
426
364
253
346
323
384
907
709
347
325
313
294
351
540
378
594
304
58
260
285
318
351
372
315
329
382
259
363
270
345
985
334
260
403
370
288
356
291
309
278
624
541
457
269
328
356
300
319
330
357
56
270
300
307
323
311
746
308
780
349
279
316
349
367
305
378
265
563
349
291
261
459
73
342
271
267
636
183
258
1017
363
365
332
296
649
348
343
261
16
365
340
380
335
785
366
281
225
320
350
310
318
711
315
357
294
348
302
301
318
323
351
292
712
367
350
312
281
293
330
450
259
401
348
282
257
320
354
1015
377
290
365
370
294
307
348
571
284
607
279
280
268
307
374
375
280
272
381
870
362
259
323
805
354
521
380
51
305
345
306
288
332
278
284
382
376
268
473
543
273
301
267
279
308
292
302
368
182
364
302
668
264
339
375
838
260
310
583
380
289
275
350
915
266
277
77
331
276
360
369
335
343
295
384
319
355
860
287
414
296
270
368
263
692
267
967
1010
291
347
276
371
308
605
299
337
305
363
267
356
208
985
244
320
349
368
258
333
298
712
917
366
351
215
359
337
343
270
292
313
296
723
338
335
327
302
443
300
350
316
241
269
296
334
356
213
757
268
331
312
179
914
245
280
321
329
257
517
265
300
316
276
322
381
344
310
366
366
296
336
308
704
325
327
317
371
374
343
283
315
353
347
225
421
484
347
258
344
945
354
258
335
335
384
274
345
297
234
277
381
346
374
908
967
266
325
376
349
412
305
315
305
371
264
364
10
302
263
336
376
306
343
277
267
360
314
271
266
333
322
720
338
330
330
188
727
384
393
366
355
531
314
257
353
328
378
320
319
344
610
398
280
525
285
263
379
376
866
295
297
389
82
358
288
274
280
315
278
530
372
268
301
319
272
314
33
375
317
262
351
937
260
375
270
330
377
380
582
166
372
1001
258
284
291
318
299
331
131
565
361
294
377
453
309
269
1005
343
368
176
342
349
316
426
366
282
306
311
510
296
309
424
838
290
346
727
259
287
302
270
335
331
290
367
297
278
283
344
351
312
333
25
489
381
276
300
278
326
384
337
342
316
308
265
758
368
281
274
270
269
366
276
353
63
295
360
356
351
583
319
301
307
912
295
350
281
264
288
262
296
264
379
368
141
291
358
361
376
348
356
850
305
298
359
363
836
642
372
890
302
269
352
366
299
56
303
282
327
965
291
122
157
16
680
295
284
319
319
266
314
544
450
314
318
372
302
619
381
353
310
276
280
316
354
292
262
266
702
366
345
306
292
314
323
356
300
281
373
315
505
377
371
280
366
363
906
326
359
269
727
379
384
730
419
377
963
296
276
368
373
265
380
320
326
570
309
301
275
267
269
286
295
506
285
353
294
375
365
359
588
548
292
304
438
341
310
268
342
406
373
244
732
369
283
666
287
469
342
638
368
258
364
508
336
315
349
317
146
288
325
249
271
304
352
360
276
316
285
334
538
957
435
323
212
372
267
523
371
297
257
328
334
332
264
378
359
345
378
288
284
774
329
339
367
344
739
351
331
276
336
299
782
347
227
359
258
321
325
678
294
227
269
521
594
367
377
546
362
707
347
303
276
950
318
311
316
548
259
298
372
265
363
220
118
322
340
382
311
315
292
834
325
920
297
261
696
118
895
223
393
477
422
107
474
237
780
677
392
1016
96
777
424
414
430
508
388
437
467
45
996
458
445
450
439
459
408
508
435
665
425
234
448
472
502
408
498
435
425
406
299
432
479
490
443
299
493
440
696
444
496
146
429
422
745
410
510
468
427
470
424
474
394
508
408
461
482
476
509
683
459
470
419
401
461
444
412
496
506
404
373
552
433
437
488
501
695
385
978
437
391
457
435
396
517
397
391
417
485
794
451
487
67
454
499
439
477
510
443
432
448
492
467
414
392
940
403
454
212
395
482
502
406
410
471
398
477
494
472
477
487
442
593
432
391
417
438
456
440
467
280
455
484
426
426
409
473
982
433
434
390
305
401
416
309
498
451
490
391
424
512
499
503
575
436
403
417
267
397
473
389
459
457
498
483
885
398
478
468
470
417
386
433
394
442
499
483
994
436
550
400
465
482
393
877
476
443
532
397
438
426
652
274
315
497
433
310
401
512
430
468
429
442
389
394
428
430
502
489
506
388
510
901
419
412
499
449
483
428
468
458
287
411
921
440
491
437
406
440
937
416
500
356
392
433
1024
307
425
878
455
510
461
399
902
232
478
107
428
474
391
389
485
502
433
389
407
446
405
439
429
489
403
439
437
505
433
415
698
477
850
407
465
471
478
442
234
507
496
456
401
398
454
348
483
581
421
356
508
93
440
408
509
391
470
495
437
478
508
404
390
659
454
385
120
812
458
438
437
458
425
406
819
387
424
422
993
412
489
457
396
497
422
178
436
493
480
754
395
464
473
633
20
500
502
460
422
494
412
444
411
412
466
507
423
416
701
398
476
167
412
470
349
221
463
484
227
22
410
389
434
447
33
809
388
405
403
442
452
394
284
478
445
404
16
399
406
494
398
460
465
444
459
911
471
475
406
425
413
33
389
486
480
496
415
412
398
442
537
415
452
385
406
487
409
371
854
351
405
764
150
468
452
469
386
412
394
472
322
492
502
643
503
437
401
447
403
473
396
475
456
498
401
392
431
404
497
474
453
464
477
459
987
455
464
454
509
503
422
453
433
530
18
386
398
500
614
38
437
422
402
408
438
504
407
395
422
432
340
498
451
508
472
482
486
508
475
500
395
382
400
431
804
470
322
81
659
476
291
512
487
483
407
1004
398
470
476
472
892
392
461
773
456
492
462
431
484
234
466
502
506
486
477
487
248
468
483
423
388
488
152
396
783
422
391
510
487
451
36
566
410
452
574
883
323
444
470
345
460
434
453
409
475
590
713
443
437
497
75
460
448
500
407
427
441
431
420
461
449
508
494
474
386
666
390
408
501
474
392
699
480
397
915
396
496
488
601
448
257
389
405
435
409
427
390
898
490
486
504
812
396
582
439
420
677
481
502
480
118
378
462
452
431
462
424
427
467
528
403
418
498
405
426
392
394
435
407
485
396
366
477
478
469
300
276
416
8
910
439
763
428
433
323
447
854
459
493
486
287
507
466
474
590
464
424
863
429
452
390
452
387
498
485
440
677
425
497
425
508
509
108
429
923
512
477
425
438
420
462
455
511
463
433
489
405
446
404
431
497
448
580
440
451
497
511
82
770
210
484
314
430
407
405
592
311
488
480
403
397
450
456
661
501
451
413
473
396
527
434
445
502
420
451
459
494
339
412
23
458
450
401
427
413
505
511
400
461
475
470
460
841
489
755
251
533
441
471
449
396
86
388
418
388
887
489
512
399
451
65
508
177
480
397
441
502
457
803
501
540
507
491
864
419
410
634
470
426
435
453
300
288
482
485
647
420
410
423
393
405
497
458
725
386
421
502
939
436
453
480
426
465
1022
502
403
392
399
472
333
507
457
418
395
385
67
454
493
278
467
386
385
603
476
468
494
442
825
95
499
416
417
420
426
453
835
775
433
462
404
268
471
504
980
488
421
411
548
411
919
481
407
426
457
391
454
406
932
461
436
441
398
422
594
385
890
451
433
471
493
434
454
401
347
408
438
448
444
507
391
505
503
410
457
447
794
508
429
557
853
411
198
637
498
434
396
442
455
458
400
390
509
432
499
445
322
392
464
456
388
488
427
202
451
909
215
436
492
485
52
438
477
480
394
391
408
423
472
492
419
411
508
387
462
494
457
481
387
40
890
512
424
387
469
501
442
856
692
420
449
463
713
463
422
484
451
441
399
470
510
116
502
407
388
899
420
464
474
441
424
168
406
464
426
481
422
732
505
470
422
429
391
435
419
470
455
492
439
431
474
428
449
432
628
487
391
449
458
414
1023
402
439
408
426
396
862
425
305
395
506
412
402
719
628
386
406
424
426
400
479
634
441
401
496
119
524
910
520
569
206
36
963
507
521
570
585
531
493
539
473
491
525
551
632
527
632
889
589
4
597
585
572
540
621
532
592
479
581
615
518
347
623
260
551
213
601
672
572
464
552
687
621
591
604
611
566
626
531
553
546
34
835
443
580
522
554
551
578
521
515
680
588
500
547
547
637
568
583
583
517
537
525
559
563
527
562
518
594
605
545
549
317
536
571
900
629
640
5
584
323
523
613
613
598
546
574
627
572
612
633
570
526
412
515
595
614
533
613
421
738
576
311
612
383
558
546
633
516
635
596
854
632
536
555
640
576
613
577
23
584
781
240
504
536
588
536
735
632
545
619
599
743
575
517
633
629
572
578
594
421
611
515
598
557
563
586
621
624
606
518
146
570
394
533
851
566
534
591
554
574
636
647
526
609
630
4
565
617
583
551
600
608
553
21
624
571
638
41
522
580
584
594
528
584
632
53
549
599
547
858
549
566
633
595
528
961
67
588
636
586
874
560
521
528
518
617
531
911
638
432
634
612
559
521
608
865
526
533
612
609
537
577
559
592
567
514
628
654
572
597
613
219
601
617
571
468
611
236
550
635
558
598
574
549
566
771
559
620
591
639
579
564
596
544
547
560
656
554
579
304
547
528
879
539
525
806
636
588
544
85
322
554
580
579
560
629
609
563
470
868
979
561
531
628
541
574
584
581
521
840
513
567
515
459
605
553
576
557
598
598
548
623
619
772
567
527
578
560
711
957
607
515
634
627
583
559
712
660
577
640
543
542
537
462
565
526
587
597
931
623
549
619
640
485
40
517
543
518
539
559
631
566
552
549
727
568
598
513
610
382
604
533
585
185
209
526
749
702
611
547
534
615
548
559
569
632
901
591
618
558
904
571
575
589
555
573
637
315
578
602
233
529
668
564
622
862
553
579
613
597
574
394
547
630
596
519
485
585
546
416
603
513
605
514
639
620
590
579
637
626
569
595
87
691
604
614
623
547
578
557
540
549
302
608
143
25
592
534
582
596
621
595
714
293
619
528
601
597
607
568
614
580
316
575
567
571
522
554
529
565
563
540
556
602
404
79
545
548
617
983
261
598
557
21
568
544
551
575
545
557
620
578
524
614
272
92
529
617
553
585
580
589
622
551
621
44
534
519
634
180
640
521
1002
521
541
606
547
567
578
670
568
542
573
631
584
577
726
601
136
572
567
585
526
634
905
530
609
630
582
140
574
526
524
566
599
653
622
514
138
729
638
793
98
614
640
354
624
569
540
558
583
207
566
548
569
597
521
516
518
504
96
527
517
843
598
629
592
601
1006
576
556
875
142
840
576
532
153
554
566
525
651
593
756
553
612
356
613
236
582
615
556
546
543
711
566
329
361
386
478
526
474
198
533
106
666
54
513
566
810
530
518
552
570
860
541
517
633
521
580
517
619
516
539
538
510
600
627
588
4
579
1002
545
621
639
613
635
856
559
531
540
571
1011
619
622
540
440
562
557
607
963
603
600
618
21
627
157
606
628
136
639
529
626
581
583
571
145
588
535
586
639
623
607
635
540
570
107
57
584
539
533
558
885
616
619
307
601
582
513
567
582
567
61
629
558
928
533
556
589
639
607
260
859
275
395
26
400
614
590
521
177
1013
615
528
580
582
660
561
602
625
616
617
572
326
611
613
636
107
608
372
614
567
590
637
552
558
595
610
528
616
566
632
587
821
594
627
358
589
959
611
595
628
616
624
624
1012
577
634
637
837
266
593
881
561
571
595
605
600
613
591
566
598
155
550
635
291
552
772
819
539
551
525
752
619
526
535
531
520
632
291
626
632
563
623
628
521
288
561
542
626
572
529
875
608
541
612
550
533
574
608
597
517
514
617
562
588
867
276
636
926
622
542
624
805
598
598
594
516
547
520
750
943
518
561
33
610
612
589
530
705
523
616
582
639
615
587
633
980
361
842
522
615
523
842
638
540
486
557
590
620
556
524
529
374
532
597
604
611
563
548
621
604
377
600
295
345
584
640
83
597
529
556
555
580
535
524
532
658
587
632
539
589
539
294
521
581
548
608
545
889
619
597
148
617
569
628
623
594
561
620
822
533
632
628
615
601
623
638
531
630
578
531
568
550
593
552
527
513
524
534
607
616
252
623
506
631
551
633
620
570
607
613
582
575
479
548
608
558
557
525
558
577
581
36
544
541
595
551
484
635
565
522
531
535
586
639
609
602
581
582
630
585
515
451
289
601
542
586
524
538
551
531
471
617
556
515
585
595
1005
638
124
630
542
557
619
602
572
602
520
185
436
565
622
554
569
544
517
581
619
56
588
129
630
693
563
591
626
231
435
560
752
668
719
716
662
324
671
684
667
757
708
654
655
731
692
725
649
665
677
767
758
726
738
987
219
742
671
759
375
656
162
785
474
720
656
122
118
893
684
756
957
198
702
753
710
699
690
707
760
654
175
746
740
469
614
989
562
728
766
654
676
682
763
817
741
709
688
744
691
558
674
376
265
751
695
670
742
649
731
710
753
757
666
655
752
246
695
703
695
681
755
480
729
244
710
258
648
660
666
697
767
211
890
343
221
653
678
741
402
689
754
754
741
709
656
673
977
766
677
717
727
713
722
735
755
698
691
742
731
657
298
746
658
288
739
651
716
755
542
724
677
8
460
688
694
739
755
766
687
947
969
731
310
652
744
70
768
729
762
722
646
701
674
715
762
645
688
672
717
697
694
658
685
282
668
455
662
679
733
759
227
685
685
684
642
714
69
835
336
692
725
768
657
674
995
815
641
752
562
744
715
731
732
754
657
741
741
732
644
681
708
712
851
683
667
751
578
725
646
722
744
369
85
456
705
667
686
1014
665
151
764
675
947
691
685
744
734
835
659
490
680
691
709
692
671
753
86
697
645
649
661
704
764
679
757
746
643
679
747
709
757
769
322
307
746
1013
691
765
652
969
716
262
646
735
165
477
680
524
660
694
662
274
676
704
752
748
652
663
706
715
766
517
704
675
693
681
645
764
45
675
737
723
749
764
682
687
751
741
465
730
656
673
743
674
754
766
657
761
688
709
701
685
258
758
84
256
679
682
718
697
717
656
690
695
280
742
642
331
695
724
723
657
738
729
160
679
727
754
653
654
717
675
691
708
749
661
721
760
675
687
686
679
712
673
750
756
668
661
705
703
685
725
2
402
768
573
654
699
721
701
100
752
942
426
645
664
332
651
748
654
701
646
649
736
662
662
689
856
753
767
55
359
747
726
703
647
689
287
793
674
712
678
751
726
101
460
698
674
673
727
728
693
665
666
73
675
698
722
761
181
677
645
820
736
134
704
761
661
704
674
397
37
750
706
757
728
682
666
974
647
709
728
677
659
674
849
356
710
866
722
653
733
654
705
716
687
719
169
741
650
490
688
765
908
675
710
657
659
654
145
730
140
761
688
663
686
709
733
650
655
652
754
548
668
686
752
750
695
484
660
149
329
917
642
703
668
717
677
669
750
663
683
744
677
152
703
759
767
669
701
149
698
719
307
738
747
693
767
727
698
735
169
988
865
653
275
698
686
721
759
670
732
741
727
488
741
739
28
711
750
685
663
710
652
760
653
649
649
670
845
731
789
659
672
653
756
766
673
641
677
646
402
757
489
687
695
731
768
280
751
727
661
703
324
718
21
229
697
679
760
758
737
706
730
752
684
707
660
680
724
647
667
288
729
690
314
749
682
718
681
724
697
761
645
715
676
186
725
727
660
455
755
687
751
296
545
644
893
645
644
735
769
688
817
667
702
713
620
711
698
431
691
702
672
702
655
570
418
745
386
690
1003
73
738
694
685
673
687
649
933
659
733
697
670
711
804
460
369
682
727
744
691
692
692
690
836
699
232
743
154
756
709
658
653
731
700
750
655
595
657
746
643
678
302
670
753
713
710
763
697
697
702
717
791
721
741
1020
723
735
676
739
707
404
161
688
691
527
268
723
732
549
652
758
643
924
725
892
734
650
687
654
526
1020
737
713
730
696
645
729
739
714
681
825
719
676
674
654
628
761
719
657
643
601
743
658
745
719
1
554
746
13
744
692
61
643
714
726
879
374
643
925
680
288
697
645
726
714
218
763
614
674
715
171
757
668
721
610
699
650
695
738
696
669
651
641
577
37
676
713
764
742
425
736
696
671
679
656
749
727
720
163
905
724
701
645
665
698
279
750
762
691
751
746
661
76
646
687
714
673
710
713
743
679
671
647
298
728
671
698
763
759
879
688
690
674
647
752
855
553
166
593
656
706
658
699
706
644
664
720
894
162
751
955
707
600
768
739
700
736
718
661
648
685
656
278
750
760
270
763
555
716
645
766
663
722
763
726
703
763
493
709
355
301
663
730
558
734
300
755
715
647
166
657
692
683
760
746
917
737
663
701
140
751
111
720
604
737
710
709
365
680
768
728
240
719
713
644
678
734
191
12
748
661
644
748
730
644
696
684
650
642
662
761
670
87
744
722
665
438
695
664
877
731
698
709
688
492
259
717
755
689
687
464
660
280
715
701
753
994
747
309
695
114
728
767
750
664
684
691
734
681
116
119
843
720
770
394
747
723
753
707
643
645
768
706
720
700
751
675
732
651
763
478
730
396
717
747
778
715
654
7
694
694
703
663
648
611
641
652
732
702
145
719
691
882
756
507
816
889
100
591
895
22
184
793
819
778
386
842
450
816
889
830
880
604
829
860
885
798
826
831
706
807
660
817
864
873
808
800
794
835
862
862
815
784
859
879
780
770
835
81
816
829
456
775
888
564
763
322
831
775
804
828
794
829
838
817
689
795
989
837
804
784
131
857
921
783
778
874
877
795
484
772
790
662
809
891
798
808
228
786
787
403
802
842
880
388
832
811
877
790
804
881
876
837
150
894
886
512
400
866
935
860
826
874
870
880
849
783
871
87
812
769
825
801
810
514
842
64
795
816
271
794
778
881
808
880
778
799
814
784
809
829
876
882
884
784
858
621
886
799
690
57
339
883
842
513
818
832
817
783
774
844
890
840
795
845
827
788
793
883
820
1019
817
74
851
830
810
772
809
404
888
798
586
893
812
802
882
803
893
821
843
829
793
847
873
870
886
823
500
522
825
804
823
816
809
811
438
823
858
787
500
496
888
786
789
881
830
821
892
878
818
849
797
876
796
885
817
837
771
490
825
797
838
695
861
816
892
782
793
811
850
864
1021
800
817
858
812
798
813
661
797
880
378
782
891
781
515
829
986
799
780
856
889
405
861
805
822
810
494
860
246
817
770
824
844
850
416
800
884
225
805
863
783
261
823
853
798
809
831
878
444
929
857
842
794
845
938
173
872
810
871
308
835
848
814
788
882
834
872
445
878
791
815
846
924
1008
796
893
945
851
871
869
769
875
609
889
808
774
901
358
796
270
448
435
854
878
879
314
738
865
23
778
289
827
878
888
834
416
872
878
533
876
836
305
668
816
890
372
824
883
891
413
793
769
789
871
780
805
861
841
518
837
800
771
874
77
822
849
819
821
427
395
818
789
856
785
855
818
888
889
994
860
890
843
303
229
235
853
833
855
1015
861
860
782
784
822
860
828
855
859
853
769
868
861
806
839
790
836
773
879
828
821
915
808
861
872
886
784
842
197
801
455
178
841
838
792
50
349
811
888
853
845
313
851
883
856
778
878
823
891
775
819
841
25
854
399
811
93
887
464
430
793
773
845
780
853
852
205
852
785
539
877
887
894
775
835
13
771
836
114
17
800
881
860
871
944
560
818
883
118
664
881
836
848
815
800
825
777
334
278
793
865
220
713
815
800
879
837
875
831
879
773
195
812
353
868
782
886
561
607
771
829
887
780
788
864
830
789
818
848
875
811
796
564
874
834
863
858
813
813
846
353
844
867
806
790
792
800
816
204
967
656
788
803
836
847
843
881
875
794
719
815
876
838
304
860
959
833
841
884
786
829
877
861
841
97
237
784
842
787
828
883
802
867
872
843
782
1005
844
799
869
935
836
845
800
886
12
835
723
844
849
769
188
851
864
892
547
801
801
808
755
802
800
864
947
9
93
804
815
873
891
842
332
852
779
829
827
801
784
831
784
838
878
290
284
840
829
876
840
546
853
839
770
84
830
794
782
816
566
809
780
871
887
814
823
878
830
972
799
782
38
888
813
267
864
892
799
841
872
848
792
807
865
568
888
804
809
857
829
827
714
838
71
865
805
844
847
777
841
787
811
840
880
810
849
856
778
852
995
890
769
817
498
687
773
568
347
487
1017
870
782
788
771
845
808
112
723
805
787
820
873
379
827
829
796
815
830
841
843
821
772
1022
832
790
720
843
660
873
860
888
880
13
193
816
854
852
53
786
858
894
799
938
800
772
345
859
864
783
889
838
804
872
791
815
803
772
432
802
853
729
883
882
866
302
782
803
887
141
862
889
893
814
883
782
783
62
778
814
894
445
677
792
781
888
886
811
823
601
495
855
894
824
838
470
456
815
844
878
758
846
868
689
969
478
770
859
829
966
837
776
874
863
61
791
827
870
775
777
648
869
797
783
834
860
51
960
893
835
789
848
786
222
849
221
798
769
816
956
780
785
823
165
732
592
880
882
21
803
796
17
876
875
857
785
783
835
665
892
855
819
839
848
181
790
838
851
805
786
837
855
840
894
271
799
889
93
751
779
16
803
795
865
803
852
834
18
769
852
330
785
260
778
978
820
877
892
858
811
778
814
374
825
815
807
835
791
808
855
660
848
783
876
314
835
818
867
815
649
882
841
887
843
41
848
1004
892
842
821
855
870
852
516
783
886
781
864
777
780
551
795
773
788
845
821
802
829
831
852
883
798
794
896
786
548
809
272
682
802
791
880
793
225
866
886
886
878
841
764
176
685
823
788
826
891
819
864
872
776
780
619
891
865
808
410
853
779
446
849
576
851
978
836
788
781
834
479
839
810
877
795
863
803
846
799
811
491
826
542
195
398
823
721
371
845
806
717
859
1003
916
911
917
955
902
986
942
915
1006
952
131
900
927
921
973
210
224
709
929
90
958
949
954
909
979
986
625
973
915
977
991
1020
907
925
998
981
711
944
951
104
957
188
899
935
904
968
999
924
980
1020
1016
982
987
1013
932
1016
938
878
977
968
967
944
983
225
959
990
951
983
1015
1006
1011
730
923
976
676
102
898
946
525
965
794
972
102
984
995
995
960
992
979
1009
931
990
932
1012
992
414
901
270
915
529
985
1002
929
989
973
959
994
928
282
900
906
700
945
924
1020
915
997
960
996
557
919
945
968
936
897
560
272
985
973
1022
949
178
962
250
996
141
904
1024
1004
912
1022
985
930
941
941
975
985
275
585
191
981
980
966
674
361
960
933
970
901
894
925
942
909
1003
399
905
979
988
1003
1013
968
929
962
943
955
920
945
935
926
177
919
995
994
236
941
971
897
464
959
898
612
944
1000
992
152
858
917
990
1002
995
959
1008
999
980
982
749
1003
965
922
977
905
944
1007
920
285
942
976
976
462
1014
995
947
1011
1004
941
936
1000
984
896
301
917
1007
917
448
907
1016
940
1004
668
967
986
935
925
1018
724
871
996
45
540
305
902
813
524
420
931
920
170
910
899
125
237
1001
977
997
963
953
913
929
994
859
961
330
793
942
942
262
1005
934
560
918
921
1009
911
968
974
1002
958
704
981
324
973
184
948
1018
917
899
383
223
946
996
937
553
924
1024
1009
935
984
947
715
1018
915
710
174
935
964
900
950
1024
996
980
1006
1021
912
971
945
948
929
941
125
86
915
1000
952
963
992
944
902
939
1004
389
524
960
921
978
1017
463
919
547
913
956
987
915
1001
930
929
509
969
476
958
121
944
905
966
235
570
960
860
904
847
966
944
160
1013
933
1009
899
918
191
912
979
987
219
1003
863
1006
1022
936
964
950
994
936
967
1019
963
1015
946
973
977
912
968
957
903
989
916
918
950
368
923
83
258
913
1003
1006
965
967
936
1012
134
946
933
989
184
980
1012
984
566
951
1010
913
969
72
331
1009
987
970
990
945
909
940
954
1020
974
784
925
919
919
962
989
832
802
1014
710
907
993
1010
960
958
964
1012
228
1012
1003
379
934
344
916
1002
978
961
928
931
950
1020
453
957
927
1017
824
929
971
1019
899
932
589
930
936
948
920
123
957
1000
1011
920
987
932
88
919
970
966
932
958
941
948
932
1000
1008
978
502
1010
988
764
142
962
953
1000
1000
897
901
354
640
151
505
945
938
907
922
943
985
974
866
972
1008
922
918
700
904
938
927
629
943
423
107
285
994
1007
424
900
418
1001
409
964
991
957
481
908
157
997
958
930
937
248
949
978
61
936
1023
935
916
993
948
1003
932
1000
1006
159
984
980
1001
926
920
934
955
984
1024
986
957
930
977
949
942
907
954
1002
1019
993
996
987
1011
275
455
972
1016
920
963
499
951
584
549
981
1014
915
989
39
897
161
910
980
973
992
927
1014
1000
907
950
968
930
905
983
964
1009
1004
969
1017
22
906
511
933
1012
904
973
1002
899
1024
1016
1022
936
1019
940
931
916
762
1005
615
948
1007
964
945
999
886
940
876
961
957
864
1021
313
952
1020
997
1023
910
151
846
977
919
940
1000
647
937
866
982
928
891
985
1009
721
1013
1003
405
897
983
984
999
1020
934
999
1020
899
1022
967
951
969
964
984
986
1012
1003
984
1021
437
595
1002
53
903
804
941
1021
990
944
996
982
983
1011
957
988
590
1002
976
957
900
970
941
921
651
899
996
618
1013
986
1021
640
973
1009
971
670
65
1015
1017
1024
1004
946
1017
925
507
992
978
936
1022
222
1012
999
934
980
928
932
929
929
985
909
498
1023
936
924
1010
944
912
932
922
968
921
973
966
939
975
462
991
1002
1008
1012
992
916
949
936
961
966
970
956
914
1006
799
234
922
984
979
933
934
944
990
947
976
942
961
989
1014
970
243
900
942
999
912
1019
974
923
968
911
917
1009
598
856
369
999
919
932
628
937
949
919
909
992
936
928
751
777
984
1010
564
906
911
1020
879
958
913
954
969
937
965
948
1015
964
947
990
970
942
990
982
513
923
956
1015
927
960
127
943
947
202
982
983
949
919
931
1002
953
937
942
1017
955
921
970
617
401
919
705
1002
933
846
905
951
532
1011
676
983
987
920
910
1024
905
774
905
905
573
905
304
491
605
544
261
969
335
424
932
817
997
959
947
963
906
681
994
941
906
912
921
919
982
12
982
949
934
803
916
948
920
1017
925
924
949
963
959
918
906
995
978
219
946
408
904
934
918
1002
941
574
557
955
916
919
953
972
1007
1014
737
971
929
980
963
1021
972
782
593
958
991
222
606
629
653
930
967
913
1019
187
962
944
1012
810
923
245
926
979
634
996
743
917
1013
918
575
992
89
123
913
119
785
741
10
968
934
182
334
1010
140
500
944
967
972
1023
